t(s),press,volumetric_flow,mass_flow
0.11164712905883789,1023.92529296875,0.0,0.0
0.20681142807006836,1023.8175659179688,0.00390625,0.0
0.3665006160736084,1024.41015625,42.3359375,0.07757031917572021
0.46541309356689453,1025.97216796875,99.1875,0.09453125298023224
0.5624678134918213,1028.449951171875,103.375,0.09666015952825546
0.673515796661377,1029.68896484375,104.484375,0.09754688292741776
0.8013386726379395,1030.820068359375,105.0078125,0.09812890738248825
0.8961222171783447,1031.6280517578125,105.26171875,0.09841406345367432
1.0249178409576416,1032.166748046875,105.48046875,0.09861328452825546
1.1198351383209229,1033.0823974609375,105.6015625,0.09880078583955765
1.2329440116882324,1033.9442138671875,105.68359375,0.09894922375679016
1.3287343978881836,1034.48291015625,105.7578125,0.09900391101837158
1.4413623809814453,1034.913818359375,105.72265625,0.09912890940904617
1.5510239601135254,1035.66796875,105.77734375,0.09919141232967377
1.6644618511199951,1036.422119140625,105.80078125,0.09925390779972076
1.758857011795044,1037.1761474609375,105.78125,0.09930078685283661
1.8578226566314697,1037.6610107421875,105.72265625,0.09934375435113907
1.9663405418395996,1038.307373046875,105.73828125,0.09937109798192978
2.0653085708618164,1039.0615234375,105.7109375,0.09940625727176666
2.1599228382110596,1039.60009765625,105.671875,0.09944922477006912
2.255357265472412,1040.3004150390625,105.7265625,0.09953125566244125
2.368694543838501,1040.8389892578125,105.63671875,0.09932813048362732
2.4938132762908936,1041.4853515625,105.5,0.09951953589916229
2.592412233352661,1042.3472900390625,105.4921875,0.09954297542572021
2.68705153465271,1042.8858642578125,105.4375,0.099546879529953
2.7835371494293213,1043.4783935546875,105.46875,0.09960156679153442
2.8947362899780273,1044.01708984375,105.37109375,0.09961328655481339
2.9891562461853027,1044.71728515625,105.31640625,0.09963281452655792
3.0844733715057373,1045.4176025390625,105.23828125,0.09962891042232513
3.1820569038391113,1046.0101318359375,105.23046875,0.09962109476327896
3.2795751094818115,1046.5487060546875,105.16015625,0.09964453428983688
3.376401901245117,1047.2490234375,105.171875,0.09966015815734863
3.4857945442199707,1047.841552734375,105.1484375,0.09974610060453415
3.5829050540924072,1048.4879150390625,105.02734375,0.09969141334295273
3.6959640979766846,1049.13427734375,104.984375,0.09971484541893005
3.7906100749969482,1049.9422607421875,104.88671875,0.09968750178813934
3.885204315185547,1050.48095703125,104.875,0.09972656518220901
3.9807896614074707,1051.01953125,104.80859375,0.09980859607458115
4.095165491104126,1051.7198486328125,104.734375,0.09975390881299973
4.188433647155762,1052.3662109375,104.71875,0.09972656518220901
4.284227132797241,1053.06640625,104.65625,0.09978906810283661
4.383776903152466,1053.6051025390625,104.5859375,0.09974218904972076
4.495700120925903,1054.25146484375,104.5234375,0.09975782036781311
4.622873306274414,1054.9517822265625,104.4921875,0.09980469197034836
4.732439756393433,1055.759765625,104.40234375,0.09975390881299973
4.830712556838989,1056.4599609375,104.3203125,0.09977344423532486
4.925409555435181,1057.1063232421875,104.27734375,0.09978125244379044
5.038346529006958,1057.752685546875,104.2109375,0.09980078786611557
5.133838891983032,1058.3990478515625,104.14453125,0.09976953268051147
5.228485345840454,1059.1531982421875,104.0625,0.09978906810283661
5.327908039093018,1059.7457275390625,104.046875,0.09980078786611557
5.436394453048706,1060.39208984375,103.97265625,0.09982813149690628
5.535410642623901,1061.0924072265625,103.91015625,0.09979687631130219
5.644348621368408,1061.5771484375,103.83984375,0.09981250762939453
5.739253044128418,1062.492919921875,103.796875,0.0998242199420929
5.836387872695923,1062.9776611328125,103.73046875,0.0997929722070694
5.934822082519531,1063.6778564453125,103.6171875,0.09983203560113907
6.059884548187256,1064.4320068359375,103.56640625,0.0998242199420929
6.17516565322876,1065.1861572265625,103.5234375,0.09983985126018524
6.286764621734619,1065.8863525390625,103.48828125,0.09983203560113907
6.395872592926025,1066.586669921875,103.38671875,0.09984765946865082
6.494641542434692,1067.286865234375,103.34765625,0.0998242199420929
6.603638172149658,1067.9332275390625,103.2890625,0.09984765946865082
6.702470302581787,1068.6873779296875,103.234375,0.09991797059774399
6.8131420612335205,1069.3875732421875,103.13671875,0.09983985126018524
6.90648341178894,1070.087890625,103.0703125,0.09984375536441803
7.005508899688721,1070.6265869140625,103.0078125,0.09985547512769699
7.099629878997803,1071.380615234375,102.9609375,0.09983985126018524
7.197414875030518,1072.0269775390625,102.9375,0.09985937923192978
7.291118860244751,1072.8349609375,102.84375,0.09984765946865082
7.406034469604492,1073.31982421875,102.78125,0.0998515635728836
7.501535892486572,1074.02001953125,102.71484375,0.09987109899520874
7.597405910491943,1074.7203369140625,102.65625,0.09985937923192978
7.693723678588867,1075.2589111328125,102.59375,0.09987891465425491
7.786080837249756,1076.0130615234375,102.50390625,0.09989062696695328
7.883066177368164,1076.497802734375,102.49609375,0.09986328333616257
7.9805588722229,1077.1981201171875,102.421875,0.09985547512769699
8.07572054862976,1077.844482421875,102.34375,0.09985547512769699
8.171562194824219,1078.275390625,102.33203125,0.09989453852176666
8.281919240951538,1079.0833740234375,102.23828125,0.0998828187584877
8.381554126739502,1079.891357421875,102.140625,0.09986328333616257
8.508416652679443,1080.48388671875,102.07421875,0.09989453852176666
8.602292537689209,1081.3995361328125,102.05078125,0.09986719489097595
8.698169469833374,1081.9920654296875,101.95703125,0.09990234673023224
8.794365167617798,1082.638427734375,101.90625,0.09986719489097595
8.889390707015991,1083.23095703125,101.86328125,0.09989062696695328
8.986098527908325,1083.985107421875,101.796875,0.09988672286272049
9.08519196510315,1084.6854248046875,101.72265625,0.09989062696695328
9.179341554641724,1085.27783203125,101.6875,0.09988672286272049
9.273895025253296,1085.870361328125,101.61328125,0.09986719489097595
9.372959613800049,1086.62451171875,101.57421875,0.0998828187584877
9.467828750610352,1087.2708740234375,101.53125,0.09987500309944153
9.562362670898438,1087.8095703125,101.4375,0.09992578625679016
9.661564111709595,1088.402099609375,101.3671875,0.09992188215255737
9.77052640914917,1089.263916015625,101.30859375,0.09989062696695328
9.868669033050537,1089.964111328125,101.25,0.09987500309944153
9.978814601898193,1090.6644287109375,101.19140625,0.09987500309944153
10.092830657958984,1091.3646240234375,101.1171875,0.09991016238927841
10.219312906265259,1092.1187744140625,101.03515625,0.09992969036102295
10.331583499908447,1092.8729248046875,100.98046875,0.09991797059774399
10.443780183792114,1093.78857421875,100.90625,0.09989844262599945
10.538108110427856,1094.4349365234375,100.82421875,0.09990625828504562
10.636903524398804,1095.13525390625,100.77734375,0.09989453852176666
10.762088775634766,1095.727783203125,100.7109375,0.09989844262599945
10.859084844589233,1096.6973876953125,100.64453125,0.09992969036102295
10.954152584075928,1097.289794921875,100.59375,0.09992969036102295
11.050491094589233,1098.0977783203125,100.484375,0.09990625828504562
11.146851301193237,1098.6903076171875,100.46484375,0.09992578625679016
11.242104291915894,1099.336669921875,100.3828125,0.09988672286272049
11.34017562866211,1099.92919921875,100.3515625,0.09991797059774399
11.435477256774902,1100.683349609375,100.265625,0.09992188215255737
11.529561996459961,1101.3836669921875,100.2265625,0.09989844262599945
11.642973899841309,1101.8145751953125,100.1640625,0.09991797059774399
11.752109289169312,1102.730224609375,100.0625,0.09992969036102295
11.851516723632812,1103.64599609375,100.03125,0.09991016238927841
11.963517904281616,1104.2923583984375,99.9765625,0.09990234673023224
12.091245651245117,1105.1541748046875,99.8828125,0.09992578625679016
12.186513900756836,1105.9083251953125,99.8125,0.09989844262599945
12.282640218734741,1106.6085205078125,99.73046875,0.09990234673023224
12.395533561706543,1107.308837890625,99.68359375,0.09992188215255737
12.507313013076782,1108.009033203125,99.609375,0.09991797059774399
12.599817991256714,1108.8170166015625,99.546875,0.0999140664935112
12.697279691696167,1109.5172119140625,99.5078125,0.09992578625679016
12.792099475860596,1110.1636962890625,99.42578125,0.09990234673023224
12.890071392059326,1110.7022705078125,99.390625,0.09994141012430191
12.986636400222778,1111.4564208984375,99.3125,0.09990625828504562
13.082326889038086,1112.264404296875,99.22265625,0.09992578625679016
13.178926706314087,1112.9107666015625,99.1875,0.09993750602006912
13.287907123565674,1113.611083984375,99.1328125,0.09994922578334808
13.38350534439087,1114.3651123046875,99.0703125,0.09991797059774399
13.48304009437561,1115.1192626953125,98.984375,0.09994141012430191
13.626607894897461,1115.7117919921875,98.94921875,0.09991797059774399
13.769928216934204,1116.8428955078125,98.84765625,0.09994141012430191
13.866046905517578,1117.8663330078125,98.74609375,0.09992969036102295
13.961091995239258,1118.5128173828125,98.71484375,0.09993360191583633
14.075072050094604,1119.1591796875,98.6484375,0.09992969036102295
14.203005313873291,1119.9671630859375,98.5546875,0.09991797059774399
14.312105178833008,1120.936767578125,98.49609375,0.09992578625679016
14.425737142562866,1121.8524169921875,98.40625,0.09995703399181366
14.521940231323242,1122.660400390625,98.32421875,0.09992578625679016
14.616411447525024,1123.2529296875,98.31640625,0.09992578625679016
14.710858345031738,1124.007080078125,98.2109375,0.0999453142285347
14.808350086212158,1124.707275390625,98.16015625,0.09992188215255737
14.903815507888794,1125.2998046875,98.08984375,0.09992188215255737
14.998289823532104,1126.0,98.03125,0.09993360191583633
15.097620010375977,1126.754150390625,97.98828125,0.09993750602006912
15.207661628723145,1127.50830078125,97.91796875,0.09993750602006912
15.320510864257812,1128.20849609375,97.86328125,0.09991797059774399
15.433496713638306,1129.0164794921875,97.77734375,0.09992969036102295
15.560254335403442,1129.986083984375,97.7109375,0.09992188215255737
15.673251152038574,1130.7940673828125,97.62890625,0.09994922578334808
15.767370223999023,1131.709716796875,97.5390625,0.09993750602006912
15.880823850631714,1132.5177001953125,97.49609375,0.09994922578334808
15.992979526519775,1133.218017578125,97.42578125,0.0999140664935112
16.08710527420044,1134.079833984375,97.34765625,0.09992578625679016
16.181551218032837,1134.833984375,97.2890625,0.09994141012430191
16.280430793762207,1135.426513671875,97.2421875,0.09995703399181366
16.374944925308228,1136.126708984375,97.1796875,0.09994922578334808
16.469549417495728,1137.04248046875,97.1171875,0.09993360191583633
16.568479537963867,1137.635009765625,97.0546875,0.09993750602006912
16.6953125,1138.44287109375,96.99609375,0.09992969036102295
16.808414697647095,1139.358642578125,96.89453125,0.09996484965085983
16.935323238372803,1140.3282470703125,96.80859375,0.09995703399181366
17.048707485198975,1141.13623046875,96.75390625,0.0999453142285347
17.17539143562317,1141.9442138671875,96.66015625,0.09996094554662704
17.2699875831604,1142.85986328125,96.57421875,0.09996875375509262
17.365827083587646,1143.5601806640625,96.53515625,0.09993360191583633
17.480416536331177,1144.3681640625,96.484375,0.09994922578334808
17.60463261604309,1145.2838134765625,96.37890625,0.09996484965085983
17.704938650131226,1146.1995849609375,96.31640625,0.0999453142285347
17.814825534820557,1147.007568359375,96.25390625,0.09992578625679016
17.911057710647583,1147.7615966796875,96.19140625,0.0999453142285347
18.023487091064453,1148.4619140625,96.14453125,0.09995312988758087
18.11952567100525,1149.32373046875,96.0625,0.09992578625679016
18.212085723876953,1150.1317138671875,96.00390625,0.09994141012430191
18.311612606048584,1150.8858642578125,95.94140625,0.09995703399181366
18.42063570022583,1151.5322265625,95.87890625,0.0999453142285347
18.51666283607483,1152.3402099609375,95.81640625,0.09996094554662704
18.613632917404175,1153.2020263671875,95.75390625,0.09993360191583633
18.724229335784912,1154.0638427734375,95.671875,0.09996484965085983
18.821245908737183,1154.76416015625,95.6171875,0.09994922578334808
18.918946743011475,1155.4105224609375,95.5625,0.09994141012430191
19.011481761932373,1156.2723388671875,95.53125,0.09994922578334808
19.107817888259888,1156.918701171875,95.42578125,0.09995312988758087
19.204582452774048,1157.6190185546875,95.3828125,0.09992578625679016
19.303293704986572,1158.4808349609375,95.328125,0.09996094554662704
19.430325984954834,1159.2349853515625,95.25390625,0.09993360191583633
19.52461290359497,1160.150634765625,95.1875,0.09993750602006912
19.619090795516968,1161.012451171875,95.109375,0.09996094554662704
19.717901468276978,1161.8204345703125,95.03515625,0.09998828917741776
19.812482357025146,1162.466796875,95.00390625,0.09994141012430191
19.91147017478943,1163.1671142578125,94.92578125,0.09995703399181366
20.020332098007202,1163.9212646484375,94.87890625,0.09996484965085983
20.13347339630127,1164.9447021484375,94.78515625,0.0999765694141388
20.247009754180908,1165.69873046875,94.70703125,0.09995312988758087
20.37438941001892,1166.614501953125,94.63671875,0.0999453142285347
20.50180149078369,1167.5301513671875,94.5625,0.09996875375509262
20.59851336479187,1168.6075439453125,94.5078125,0.09997265785932541
20.726449251174927,1169.4693603515625,94.4140625,0.09995312988758087
20.835418224334717,1170.43896484375,94.34375,0.09998437762260437
20.932902336120605,1171.1929931640625,94.28125,0.09993750602006912
21.027403831481934,1172.16259765625,94.19921875,0.09997265785932541
21.12656331062317,1172.8089599609375,94.1640625,0.09996875375509262
21.23648953437805,1173.6707763671875,94.08984375,0.09995312988758087
21.349649667739868,1174.4249267578125,94.04296875,0.09997265785932541
21.458595037460327,1175.502197265625,93.94921875,0.09996484965085983
21.55799102783203,1176.3101806640625,93.8828125,0.09996875375509262
21.6505343914032,1177.010498046875,93.8359375,0.0999765694141388
21.746126413345337,1177.872314453125,93.7421875,0.09996484965085983
21.84410858154297,1178.5726318359375,93.70703125,0.0999765694141388
21.94254779815674,1179.4344482421875,93.65234375,0.09994141012430191
22.05165147781372,1180.0269775390625,93.57421875,0.09998828917741776
22.164976596832275,1180.942626953125,93.52734375,0.09995703399181366
22.259546995162964,1181.7506103515625,93.46875,0.09995312988758087
22.354520320892334,1182.55859375,93.39453125,0.0999453142285347
22.451627016067505,1183.474365234375,93.30078125,0.09996484965085983
22.548983573913574,1184.174560546875,93.23828125,0.09996484965085983
22.645610570907593,1184.9287109375,93.23046875,0.0999453142285347
22.7715802192688,1185.62890625,93.12890625,0.09996875375509262
22.88421106338501,1186.7061767578125,93.046875,0.0999765694141388
22.980894565582275,1187.6219482421875,92.96484375,0.09993360191583633
23.07705307006836,1188.4837646484375,92.91796875,0.09993750602006912
23.186809301376343,1189.18408203125,92.85546875,0.09996484965085983
23.28222155570984,1190.0997314453125,92.8203125,0.09995703399181366
23.381054401397705,1190.74609375,92.7421875,0.09998828917741776
23.475945234298706,1191.661865234375,92.68359375,0.09995312988758087
23.5713369846344,1192.362060546875,92.6171875,0.09995703399181366
23.66607689857483,1193.1162109375,92.54296875,0.09998828917741776
23.764424562454224,1193.870361328125,92.484375,0.09992188215255737
23.857669830322266,1194.6783447265625,92.45703125,0.0999453142285347
23.955100059509277,1195.486328125,92.37890625,0.09995312988758087
24.050073385238647,1196.1865234375,92.328125,0.09995312988758087
24.14915442466736,1196.940673828125,92.23046875,0.09996484965085983
24.243808031082153,1197.7486572265625,92.234375,0.09994141012430191
24.338406801223755,1198.6104736328125,92.1328125,0.0999765694141388
24.4515643119812,1199.2568359375,92.078125,0.09995703399181366
24.56480860710144,1200.2264404296875,92.015625,0.09998828917741776
24.676090478897095,1201.2498779296875,91.96875,0.09995312988758087
24.772705554962158,1202.0040283203125,91.87109375,0.09998437762260437
24.899882078170776,1202.919677734375,91.80078125,0.0999453142285347
24.99442982673645,1203.943115234375,91.734375,0.09997265785932541
25.10729193687439,1204.7510986328125,91.6875,0.0999765694141388
25.220444917678833,1205.720703125,91.61328125,0.09997265785932541
25.328375816345215,1206.58251953125,91.48046875,0.09998047351837158
25.42637825012207,1207.498291015625,91.46875,0.09998047351837158
25.523383378982544,1208.2523193359375,91.46484375,0.1000039130449295
25.619256258010864,1209.0064697265625,91.31640625,0.09996094554662704
25.714231252670288,1209.814453125,91.30078125,0.09996484965085983
25.80914616584778,1210.568603515625,91.23046875,0.09998828917741776
25.905353784561157,1211.430419921875,91.1796875,0.09997265785932541
26.018522262573242,1212.2384033203125,91.09765625,0.09998437762260437
26.13108229637146,1213.1002197265625,91.04296875,0.09999609738588333
26.227585554122925,1213.9620361328125,90.97265625,0.09997265785932541
26.35442566871643,1214.7161865234375,90.90625,0.09995312988758087
26.463778257369995,1215.9012451171875,90.83984375,0.09996875375509262
26.56290578842163,1216.709228515625,90.76953125,0.09998047351837158
26.67281699180603,1217.6248779296875,90.6953125,0.09998437762260437
26.771892309188843,1218.594482421875,90.625,0.09998047351837158
26.899170398712158,1219.294677734375,90.546875,0.09996094554662704
26.99383306503296,1220.4259033203125,90.4765625,0.0999765694141388
27.107065677642822,1221.23388671875,90.4609375,0.09998437762260437
27.2017343044281,1222.0418701171875,90.35546875,0.09998047351837158
27.296534776687622,1222.7960205078125,90.33203125,0.09999609738588333
27.394465923309326,1223.6578369140625,90.26953125,0.09995703399181366
27.488783597946167,1224.4119873046875,90.22265625,0.09998437762260437
27.585134983062744,1225.1121826171875,90.12890625,0.09996875375509262
27.68178081512451,1226.02783203125,90.05859375,0.0999765694141388
27.776490688323975,1226.943603515625,90.0,0.09998828917741776
27.888340711593628,1227.4822998046875,89.96875,0.09996094554662704
28.000603437423706,1228.6134033203125,89.89453125,0.09998828917741776
28.098626136779785,1229.5830078125,89.8125,0.09999219328165054
28.208120107650757,1230.2293701171875,89.7421875,0.09998828917741776
28.305083751678467,1231.1451416015625,89.6875,0.1000039130449295
28.400972843170166,1232.0069580078125,89.63671875,0.09996484965085983
28.497373580932617,1232.922607421875,89.59765625,0.09997265785932541
28.594613790512085,1233.6229248046875,89.53125,0.09996484965085983
28.705737829208374,1234.376953125,89.4609375,0.09995703399181366
28.81674814224243,1235.3465576171875,89.3984375,0.09995703399181366
28.914079189300537,1236.2623291015625,89.3203125,0.0999765694141388
29.006948471069336,1237.1241455078125,89.28125,0.09998047351837158
29.105618238449097,1237.8243408203125,89.21875,0.09997265785932541
29.20143699645996,1238.7939453125,89.15234375,0.09998437762260437
29.29620671272278,1239.6019287109375,89.1015625,0.09995703399181366
29.408689737319946,1240.1944580078125,89.0546875,0.09998047351837158
29.50480031967163,1241.3795166015625,88.98046875,0.09995703399181366
29.616634845733643,1241.918212890625,88.9375,0.09998047351837158
29.727872133255005,1242.941650390625,88.86328125,0.09999609738588333
29.8565034866333,1244.0189208984375,88.7578125,0.09997265785932541
29.969322443008423,1244.8807373046875,88.69140625,0.09998437762260437
30.06472659111023,1245.850341796875,88.65625,0.1000039130449295
30.159944534301758,1246.873779296875,88.5859375,0.09997265785932541
30.27483320236206,1247.6279296875,88.5078125,0.09996484965085983
30.385190725326538,1248.5435791015625,88.4609375,0.09998047351837158
30.48053002357483,1249.5670166015625,88.39453125,0.09997265785932541
30.575851678848267,1250.21337890625,88.34765625,0.0999765694141388
30.67267680168152,1251.0751953125,88.28125,0.09998828917741776
30.767411470413208,1251.7755126953125,88.21484375,0.09995703399181366
30.862498998641968,1252.5296630859375,88.16796875,0.09996094554662704
30.95766806602478,1253.4453125,88.12890625,0.09998047351837158
31.05681014060974,1254.2532958984375,88.078125,0.09996875375509262
31.184255123138428,1255.1690673828125,87.98828125,0.0999765694141388
31.278756380081177,1256.35400390625,87.90625,0.09996484965085983
31.392828702926636,1257.00048828125,87.86328125,0.09998437762260437
31.501389026641846,1257.9161376953125,87.79296875,0.09999219328165054
31.600325345993042,1258.8319091796875,87.73046875,0.09998437762260437
31.69438076019287,1259.6937255859375,87.671875,0.09998437762260437
31.79163408279419,1260.44775390625,87.625,0.09998437762260437
31.88647985458374,1261.2557373046875,87.56640625,0.09996484965085983
32.00028872489929,1262.063720703125,87.49609375,0.09999609738588333
32.10978651046753,1263.0333251953125,87.44140625,0.09998047351837158
32.204835653305054,1264.16455078125,87.375,0.09998047351837158
32.300453662872314,1264.8109130859375,87.328125,0.0999765694141388
32.40029716491699,1265.6727294921875,87.26953125,0.09998047351837158
32.493096590042114,1266.5345458984375,87.2109375,0.0999765694141388
32.59038066864014,1267.342529296875,87.16015625,0.09998437762260437
32.68586349487305,1268.1505126953125,87.10546875,0.09998828917741776
32.783613443374634,1268.95849609375,87.04296875,0.09998828917741776
32.87616443634033,1269.6048583984375,87.0,0.09996094554662704
32.97456645965576,1270.412841796875,86.94921875,0.09998437762260437
33.07121205329895,1271.3824462890625,86.87109375,0.09997265785932541
33.16668677330017,1272.1365966796875,86.80859375,0.09996875375509262
33.261993408203125,1272.9984130859375,86.75,0.09998047351837158
33.375903606414795,1273.8602294921875,86.69921875,0.09998047351837158
33.503281354904175,1274.829833984375,86.64453125,0.0999765694141388
33.59832811355591,1275.853271484375,86.56640625,0.09998437762260437
33.69308590888977,1276.8228759765625,86.52734375,0.09998828917741776
33.7873158454895,1277.46923828125,86.46484375,0.09996484965085983
33.8850839138031,1278.3310546875,86.40625,0.09997265785932541
33.979912996292114,1279.1390380859375,86.3515625,0.09999219328165054
34.07972192764282,1279.8931884765625,86.28125,0.09996484965085983
34.189321994781494,1280.7550048828125,86.22265625,0.09999609738588333
34.2868218421936,1281.6707763671875,86.16796875,0.10000000149011612
34.37977409362793,1282.478759765625,86.12109375,0.09998437762260437
34.47782516479492,1283.2867431640625,86.0625,0.09997265785932541
34.571152210235596,1284.1485595703125,86.01171875,0.09996484965085983
34.67040205001831,1284.8487548828125,85.94921875,0.09998047351837158
34.7670624256134,1285.8721923828125,85.91015625,0.09998437762260437
34.86150360107422,1286.68017578125,85.83984375,0.09996875375509262
34.95591926574707,1287.4881591796875,85.79296875,0.10000000149011612
35.05244255065918,1288.296142578125,85.71875,0.09996094554662704
35.165074586868286,1288.9964599609375,85.69921875,0.1000039130449295
35.27692198753357,1290.1275634765625,85.58984375,0.09998437762260437
35.372472286224365,1291.0433349609375,85.5390625,0.09998437762260437
35.48597979545593,1291.7435302734375,85.4921875,0.09998828917741776
35.581899642944336,1292.7669677734375,85.40234375,0.09996875375509262
35.675238370895386,1293.574951171875,85.3984375,0.09998047351837158
35.77389574050903,1294.3829345703125,85.328125,0.09994922578334808
35.86982011795044,1295.2447509765625,85.26953125,0.09999609738588333
35.96359419822693,1296.052734375,85.23828125,0.10000000149011612
36.058759450912476,1296.9146728515625,85.1796875,0.0999765694141388
36.15462398529053,1297.7764892578125,85.12890625,0.0999765694141388
36.25411558151245,1298.530517578125,85.046875,0.0999765694141388
36.34924030303955,1299.5001220703125,85.01171875,0.09999219328165054
36.4431574344635,1300.2542724609375,84.95703125,0.09999609738588333
36.54000687599182,1301.062255859375,84.8828125,0.09996875375509262
36.63452696800232,1301.8702392578125,84.83203125,0.09998828917741776
36.73044514656067,1302.67822265625,84.76953125,0.09997265785932541
36.829516887664795,1303.4862060546875,84.7421875,0.09997265785932541
36.922232151031494,1304.3480224609375,84.671875,0.09997265785932541
37.021711587905884,1305.0482177734375,84.62109375,0.09996875375509262
37.130951166152954,1305.9639892578125,84.5625,0.09998437762260437
37.22865176200867,1306.93359375,84.50390625,0.09996484965085983
37.322720766067505,1308.0108642578125,84.44921875,0.0999765694141388
37.420459270477295,1308.6033935546875,84.40625,0.09998047351837158
37.5151002407074,1309.6806640625,84.3515625,0.09997265785932541
37.61011743545532,1310.3809814453125,84.2734375,0.09999219328165054
37.7058641910553,1311.135009765625,84.23046875,0.09998828917741776
37.80471754074097,1312.05078125,84.19921875,0.09996875375509262
37.900532722473145,1312.7509765625,84.13671875,0.10000000149011612
37.995967626571655,1313.505126953125,84.09375,0.0999765694141388
38.090646266937256,1314.4747314453125,84.02734375,0.09998437762260437
38.18837857246399,1315.28271484375,83.97265625,0.09996875375509262
38.28425073623657,1316.0906982421875,83.9140625,0.09998047351837158
38.37802839279175,1317.0601806640625,83.85546875,0.0999765694141388
38.47608017921448,1317.8143310546875,83.8125,0.0999765694141388
38.570175647735596,1318.622314453125,83.765625,0.09996484965085983
38.66766095161438,1319.484130859375,83.72265625,0.09998437762260437
38.778863191604614,1320.39990234375,83.64453125,0.0999765694141388
38.876157999038696,1321.26171875,83.60546875,0.09999219328165054
38.969356060028076,1322.0697021484375,83.52734375,0.09998437762260437
39.06683850288391,1323.0931396484375,83.5,0.0999765694141388
39.16446375846863,1323.8472900390625,83.42578125,0.09998437762260437
39.27472758293152,1324.601318359375,83.38671875,0.09998828917741776
39.37056612968445,1325.624755859375,83.33203125,0.10000000149011612
39.46809101104736,1326.4866943359375,83.2578125,0.09998437762260437
39.564176082611084,1327.5101318359375,83.22265625,0.09998047351837158
39.65810513496399,1328.2103271484375,83.1640625,0.09999219328165054
39.7560133934021,1328.9644775390625,83.1015625,0.1000039130449295
39.85059475898743,1329.8262939453125,83.0703125,0.09999219328165054
39.94457268714905,1330.63427734375,82.984375,0.09998828917741776
40.042306423187256,1331.550048828125,82.94140625,0.09999219328165054
40.13746428489685,1332.411865234375,82.90625,0.09998047351837158
40.23194909095764,1333.166015625,82.83984375,0.0999765694141388
40.328240394592285,1334.02783203125,82.78515625,0.09997265785932541
40.4408495426178,1334.9434814453125,82.76171875,0.09997265785932541
40.5378692150116,1335.9669189453125,82.6796875,0.09999609738588333
40.63263416290283,1336.77490234375,82.62890625,0.09999219328165054
40.746848344802856,1337.63671875,82.578125,0.09997265785932541
40.841792821884155,1338.66015625,82.5078125,0.09998047351837158
40.95444297790527,1339.4681396484375,82.48046875,0.10000000149011612
41.04894208908081,1340.4915771484375,82.390625,0.09998047351837158
41.14338564872742,1341.299560546875,82.36328125,0.09999219328165054
41.24256753921509,1342.1614990234375,82.3046875,0.10000000149011612
41.33723163604736,1342.91552734375,82.25390625,0.09999609738588333
41.45031142234802,1343.8851318359375,82.20703125,0.10001172125339508
41.547314167022705,1344.8009033203125,82.140625,0.09999609738588333
41.641013860702515,1345.716552734375,82.08984375,0.09999609738588333
41.735209941864014,1346.3629150390625,82.0078125,0.09999609738588333
41.83427977561951,1347.4403076171875,81.984375,0.09998828917741776
41.92893862724304,1348.35595703125,81.9375,0.09998047351837158
42.04221963882446,1349.0562744140625,81.88671875,0.09999609738588333
42.136571168899536,1350.0797119140625,81.796875,0.09995703399181366
42.24949407577515,1350.9415283203125,81.75,0.09999609738588333
42.34410357475281,1351.9111328125,81.7265625,0.09998437762260437
42.43856739997864,1352.611328125,81.6484375,0.09998437762260437
42.53751993179321,1353.47314453125,81.60546875,0.10000000149011612
42.6322820186615,1354.49658203125,81.55078125,0.09998828917741776
42.726813316345215,1355.250732421875,81.4921875,0.09998437762260437
42.825698375701904,1356.1663818359375,81.44921875,0.09998828917741776
42.920289754867554,1357.135986328125,81.3828125,0.09996875375509262
43.01444220542908,1357.997802734375,81.3359375,0.1000039130449295
43.11338996887207,1358.751953125,81.30859375,0.1000039130449295
43.207854986190796,1359.667724609375,81.2421875,0.10000000149011612
43.30278706550598,1360.529541015625,81.1875,0.10000000149011612
43.40132689476013,1361.391357421875,81.14453125,0.09998437762260437
43.52814030647278,1362.1993408203125,81.0859375,0.09999219328165054
43.640934467315674,1363.276611328125,81.01953125,0.09998047351837158
43.73510384559631,1364.2462158203125,80.96484375,0.10001172125339508
43.832754135131836,1365.1619873046875,80.921875,0.09998437762260437
43.92721223831177,1366.0238037109375,80.85546875,0.09996875375509262
44.02154612541199,1366.8856201171875,80.80859375,0.09997265785932541
44.120829343795776,1367.6397705078125,80.76171875,0.09998437762260437
44.21531963348389,1368.609375,80.69921875,0.09997265785932541
44.31330680847168,1369.5250244140625,80.6796875,0.09999219328165054
44.425670862197876,1370.2252197265625,80.609375,0.10000000149011612
44.55191993713379,1371.4642333984375,80.53515625,0.10000000149011612
44.645490884780884,1372.4337158203125,80.5,0.09997265785932541
44.74426054954529,1373.4033203125,80.4375,0.10000000149011612
44.84025478363037,1374.157470703125,80.34765625,0.10000781714916229
44.934977769851685,1375.180908203125,80.3046875,0.09999609738588333
45.047762393951416,1375.881103515625,80.2578125,0.10000000149011612
45.14205193519592,1376.742919921875,80.2265625,0.0999765694141388
45.24078392982483,1377.65869140625,80.17578125,0.09998828917741776
45.366766929626465,1378.7899169921875,80.109375,0.09999219328165054
45.4790256023407,1379.8133544921875,80.05859375,0.09998828917741776
45.59213852882385,1380.7828369140625,79.98828125,0.09998437762260437
45.68633532524109,1381.8602294921875,79.94921875,0.09997265785932541
45.79916214942932,1382.7220458984375,79.89453125,0.09998047351837158
45.91198968887329,1383.5838623046875,79.8203125,0.10001953691244125
46.006855726242065,1384.6072998046875,79.765625,0.09993360191583633
46.10279321670532,1385.5230712890625,79.73828125,0.10000781714916229
46.197314500808716,1386.438720703125,79.6484375,0.09999609738588333
46.29224967956543,1387.3544921875,79.62109375,0.09999219328165054
46.39132738113403,1388.1624755859375,79.5703125,0.09998047351837158
46.48584270477295,1389.0242919921875,79.52734375,0.0999765694141388
46.58095359802246,1389.7783203125,79.484375,0.09996484965085983
46.68028545379639,1390.694091796875,79.42578125,0.09997265785932541
46.774492025375366,1391.4482421875,79.38671875,0.1000039130449295
46.86917304992676,1392.417724609375,79.33203125,0.0999765694141388
46.967952728271484,1393.33349609375,79.28515625,0.09999609738588333
47.09487462043762,1394.1414794921875,79.21875,0.09997265785932541
47.18943667411804,1395.4342041015625,79.1640625,0.09998047351837158
47.30229592323303,1396.3499755859375,79.125,0.10000000149011612
47.41483283042908,1397.2117919921875,79.06640625,0.1000039130449295
47.51158356666565,1398.181396484375,79.0,0.09998437762260437
47.619991064071655,1399.0970458984375,78.91796875,0.09997265785932541
47.71587562561035,1400.066650390625,78.9140625,0.0999765694141388
47.81453895568848,1400.8746337890625,78.8359375,0.09998047351837158
47.908947229385376,1401.84423828125,78.78515625,0.10001172125339508
48.00770711898804,1402.5982666015625,78.734375,0.09996484965085983
48.11697959899902,1403.6217041015625,78.6953125,0.10000781714916229
48.21381139755249,1404.6451416015625,78.6484375,0.09996484965085983
48.30842447280884,1405.453125,78.60546875,0.09999609738588333
48.407469272613525,1406.368896484375,78.55859375,0.1000039130449295
48.5159957408905,1407.230712890625,78.49609375,0.09996484965085983
48.615341663360596,1408.2003173828125,78.4296875,0.09998437762260437
48.723392963409424,1409.277587890625,78.40625,0.09998437762260437
48.822441816329956,1410.193359375,78.3671875,0.09998437762260437
48.91689896583557,1411.1090087890625,78.29296875,0.09995312988758087
49.0297966003418,1411.9169921875,78.23828125,0.09998437762260437
49.12390375137329,1412.832763671875,78.19140625,0.09999609738588333
49.2223584651947,1413.6407470703125,78.125,0.09998828917741776
49.349241733551025,1414.6102294921875,78.0859375,0.09999609738588333
49.46150755882263,1415.7952880859375,78.03515625,0.09998828917741776
49.57352566719055,1416.87255859375,77.95703125,0.09998828917741776
49.66847229003906,1417.788330078125,77.90625,0.09996875375509262
49.76323890686035,1418.7039794921875,77.85546875,0.09998828917741776
49.862345933914185,1419.56591796875,77.8125,0.1000039130449295
49.970640420913696,1420.4815673828125,77.76171875,0.10000000149011612
50.069939851760864,1421.3433837890625,77.7265625,0.09998437762260437
50.16433620452881,1422.3668212890625,77.67578125,0.09999609738588333
50.258896827697754,1423.067138671875,77.62109375,0.09994141012430191
50.35748338699341,1424.0367431640625,77.578125,0.10001172125339508
50.45223331451416,1425.0062255859375,77.5078125,0.09998047351837158
50.54662013053894,1425.8681640625,77.4765625,0.09999609738588333
50.64591956138611,1426.72998046875,77.421875,0.09995312988758087
50.74077367782593,1427.591796875,77.3671875,0.10001172125339508
50.8351411819458,1428.45361328125,77.33203125,0.09995703399181366
50.94825458526611,1429.369384765625,77.26953125,0.10000000149011612
51.06065535545349,1430.3389892578125,77.23828125,0.09999609738588333
51.15499496459961,1431.254638671875,77.16796875,0.09998828917741776
51.253987073898315,1432.2242431640625,77.125,0.10000781714916229
51.380411863327026,1433.139892578125,77.05078125,0.10001172125339508
51.47326850891113,1434.324951171875,77.01171875,0.09998437762260437
51.5705783367157,1435.1329345703125,77.0078125,0.09997265785932541
51.665332317352295,1435.94091796875,76.9375,0.09999219328165054
51.762470960617065,1437.0181884765625,76.8828125,0.10000781714916229
51.86094617843628,1437.826171875,76.84765625,0.09996875375509262
51.95547795295715,1438.741943359375,76.796875,0.10001953691244125
52.05296063423157,1439.442138671875,76.734375,0.09994922578334808
52.146918535232544,1440.465576171875,76.7109375,0.09998828917741776
52.24132442474365,1441.1658935546875,76.64453125,0.1000039130449295
52.34002614021301,1442.1893310546875,76.6171875,0.09998437762260437
52.43652129173279,1442.997314453125,76.53125,0.09998437762260437
52.528778314590454,1443.9669189453125,76.51953125,0.10000781714916229
52.62771272659302,1444.8287353515625,76.4375,0.09994922578334808
52.722315311431885,1445.63671875,76.40625,0.09998828917741776
52.83536338806152,1446.606201171875,76.37890625,0.10000000149011612
52.94835543632507,1447.6297607421875,76.2734375,0.09998437762260437
53.0573570728302,1448.814697265625,76.25390625,0.10000781714916229
53.187487840652466,1449.6766357421875,76.19921875,0.10000000149011612
53.283812284469604,1450.91552734375,76.1484375,0.10000781714916229
53.37827157974243,1451.61572265625,76.0859375,0.09998047351837158
53.4743378162384,1452.531494140625,76.046875,0.10000000149011612
53.56885766983032,1453.5009765625,76.01171875,0.09999609738588333
53.667643547058105,1454.416748046875,75.93359375,0.09998047351837158
53.762322664260864,1455.2247314453125,75.91796875,0.09998828917741776
53.85684251785278,1456.140380859375,75.86328125,0.09995312988758087
53.95593070983887,1457.05615234375,75.8359375,0.10001172125339508
54.05044770240784,1457.91796875,75.75390625,0.09996094554662704
54.144885540008545,1458.7259521484375,75.7421875,0.10001172125339508
54.24117565155029,1459.5877685546875,75.67578125,0.09996094554662704
54.33938932418823,1460.6112060546875,75.64453125,0.09998828917741776
54.451127767562866,1461.4730224609375,75.57421875,0.0999765694141388
54.547669887542725,1462.442626953125,75.55859375,0.10002344101667404
54.67544364929199,1463.3583984375,75.47265625,0.09997265785932541
54.80295205116272,1464.54345703125,75.421875,0.09998828917741776
54.895559549331665,1465.674560546875,75.37109375,0.09998437762260437
54.99405288696289,1466.4825439453125,75.31640625,0.09998828917741776
55.08824276924133,1467.3983154296875,75.2734375,0.09998437762260437
55.18506479263306,1468.2601318359375,75.22265625,0.09998047351837158
55.281108379364014,1469.1219482421875,75.19921875,0.10001172125339508
55.376532316207886,1469.9837646484375,75.15625,0.09998437762260437
55.474918603897095,1471.0072021484375,75.09765625,0.09999609738588333
55.56937217712402,1471.869140625,75.02734375,0.09996094554662704
55.66387414932251,1472.73095703125,75.0,0.10000000149011612
55.76281213760376,1473.6466064453125,74.98046875,0.09999609738588333
55.87350249290466,1474.6162109375,74.890625,0.09997265785932541
55.96825051307678,1475.4241943359375,74.8671875,0.10001172125339508
56.08111572265625,1476.33984375,74.8125,0.10001563280820847
56.191320180892944,1477.417236328125,74.765625,0.10000781714916229
56.30227613449097,1478.4945068359375,74.7421875,0.1000039130449295
56.4019033908844,1479.4102783203125,74.640625,0.09997265785932541
56.494216203689575,1480.3797607421875,74.6171875,0.10000000149011612
56.59026598930359,1481.1339111328125,74.6015625,0.10000781714916229
56.6880898475647,1482.103515625,74.53515625,0.09999219328165054
56.80083918571472,1482.9114990234375,74.48046875,0.1000039130449295
56.91057300567627,1484.0965576171875,74.41796875,0.09998047351837158
57.0083749294281,1485.0660400390625,74.38671875,0.1000039130449295
57.102643966674805,1485.927978515625,74.34375,0.10001953691244125
57.20183181762695,1486.789794921875,74.3125,0.09998437762260437
57.296385526657104,1487.5977783203125,74.25390625,0.1000039130449295
57.39072871208191,1488.7288818359375,74.2109375,0.10001172125339508
57.48953676223755,1489.536865234375,74.15234375,0.0999765694141388
57.58415651321411,1490.45263671875,74.12890625,0.100035160779953
57.697052001953125,1491.2606201171875,74.078125,0.09996875375509262
57.79136085510254,1492.337890625,74.0234375,0.09996484965085983
57.9044144153595,1493.19970703125,73.98046875,0.09998828917741776
57.99901795387268,1494.115478515625,73.94140625,0.10000000149011612
58.093549966812134,1495.138916015625,73.89453125,0.10001953691244125
58.19242215156555,1496.0545654296875,73.828125,0.09997265785932541
58.28809714317322,1496.9163818359375,73.8125,0.10000781714916229
58.381858587265015,1497.885986328125,73.76953125,0.10002734512090683
58.48052000999451,1498.5323486328125,73.734375,0.1000039130449295
58.575294971466064,1499.501953125,73.6875,0.10002344101667404
58.669384479522705,1500.3099365234375,73.61328125,0.1000039130449295
58.76842212677002,1501.117919921875,73.56640625,0.09998828917741776
58.86281371116638,1502.1951904296875,73.546875,0.10001172125339508
58.95733284950256,1503.1109619140625,73.49609375,0.10000000149011612
59.05642008781433,1503.9727783203125,73.44921875,0.09999219328165054
59.150893449783325,1504.78076171875,73.40625,0.09999219328165054
59.245522260665894,1505.642578125,73.35546875,0.1000039130449295
59.34452533721924,1506.6121826171875,73.3203125,0.09999609738588333
59.43924832344055,1507.420166015625,73.2734375,0.1000039130449295
59.552448987960815,1508.3359375,73.23046875,0.09999609738588333
59.6794707775116,1509.467041015625,73.17578125,0.10001172125339508
59.77418899536133,1510.5443115234375,73.13671875,0.10000781714916229
59.88841247558594,1511.352294921875,73.08984375,0.09997265785932541
59.99814319610596,1512.4296875,73.01953125,0.09999219328165054
60.09270215034485,1513.560791015625,72.98828125,0.09999219328165054
60.18878650665283,1514.2611083984375,72.96875,0.10001172125339508
60.28681468963623,1515.2305908203125,72.90625,0.09999609738588333
60.38222551345825,1516.092529296875,72.85546875,0.10001172125339508
60.47895359992981,1517.0081787109375,72.828125,0.10000781714916229
60.57420349121094,1517.8699951171875,72.76953125,0.09998437762260437
60.67127561569214,1518.7857666015625,72.74609375,0.09998828917741776
60.76780319213867,1519.59375,72.6875,0.10000000149011612
60.86125206947327,1520.4017333984375,72.66796875,0.1000039130449295
60.959851026535034,1521.47900390625,72.609375,0.10000000149011612
61.05291271209717,1522.233154296875,72.5859375,0.09998437762260437
61.148422718048096,1523.2027587890625,72.5234375,0.09999219328165054
61.247644901275635,1524.118408203125,72.48828125,0.09999609738588333
61.3425190448761,1524.980224609375,72.4375,0.09996484965085983
61.43885850906372,1525.89599609375,72.3984375,0.10001172125339508
61.531577825546265,1526.7578125,72.3515625,0.09999219328165054
61.6277072429657,1527.511962890625,72.31640625,0.10001563280820847
61.72594881057739,1528.212158203125,72.27734375,0.0999765694141388
61.82225704193115,1529.235595703125,72.234375,0.10000781714916229
61.93158292770386,1530.2052001953125,72.19140625,0.09999609738588333
62.02855157852173,1531.282470703125,72.15234375,0.09997265785932541
62.127275466918945,1532.144287109375,72.109375,0.10000000149011612
62.22169327735901,1533.0062255859375,72.0390625,0.09996094554662704
62.31629681587219,1533.8680419921875,72.03125,0.09998828917741776
62.414973735809326,1534.676025390625,71.97265625,0.10000000149011612
62.50921583175659,1535.6456298828125,71.9453125,0.09999609738588333
62.6221022605896,1536.5074462890625,71.89453125,0.09995703399181366
62.71675395965576,1537.584716796875,71.87109375,0.10001172125339508
62.84516930580139,1538.608154296875,71.79296875,0.09998437762260437
62.94017314910889,1539.52392578125,71.75,0.10000781714916229
63.03585624694824,1540.3857421875,71.71875,0.09998828917741776
63.13096904754639,1541.4091796875,71.68359375,0.09998437762260437
63.230488538742065,1542.0555419921875,71.65234375,0.09998047351837158
63.32554531097412,1542.9713134765625,71.59765625,0.10000000149011612
63.42037391662598,1543.9407958984375,71.54296875,0.09999219328165054
63.51579189300537,1544.802734375,71.49609375,0.09999219328165054
63.614866971969604,1545.7183837890625,71.4921875,0.10000781714916229
63.74235773086548,1546.4725341796875,71.42578125,0.09998828917741776
63.866798400878906,1547.71142578125,71.375,0.09999609738588333
63.96565508842468,1548.896484375,71.3203125,0.09998828917741776
64.06232595443726,1549.75830078125,71.29296875,0.09999609738588333
64.17245411872864,1550.78173828125,71.2421875,0.09999609738588333
64.2673659324646,1551.6973876953125,71.203125,0.09999219328165054
64.36231136322021,1552.4515380859375,71.1484375,0.0999765694141388
64.4618170261383,1553.4749755859375,71.109375,0.10000781714916229
64.55689024925232,1554.282958984375,71.0859375,0.09998828917741776
64.65217685699463,1555.19873046875,71.015625,0.10000000149011612
64.74710774421692,1556.060546875,70.98046875,0.09998828917741776
64.8421642780304,1556.92236328125,70.953125,0.09998437762260437
64.94125127792358,1557.7303466796875,70.9296875,0.10001953691244125
65.05284690856934,1558.699951171875,70.86328125,0.09999609738588333
65.14770483970642,1559.7772216796875,70.84375,0.10000000149011612
65.24272274971008,1560.5313720703125,70.80859375,0.09999219328165054
65.35609865188599,1561.447021484375,70.76171875,0.09997265785932541
65.46906065940857,1562.470458984375,70.69921875,0.09998828917741776
65.59637522697449,1563.5478515625,70.66796875,0.10000781714916229
65.7233202457428,1564.517333984375,70.6015625,0.09999219328165054
65.8366379737854,1565.6485595703125,70.55859375,0.10000000149011612
65.96429395675659,1566.77978515625,70.5,0.09999219328165054
66.09143662452698,1567.80322265625,70.453125,0.10000000149011612
66.20514059066772,1569.095947265625,70.41796875,0.10001953691244125
66.34836864471436,1570.281005859375,70.3515625,0.10001953691244125
66.47683572769165,1571.412109375,70.2890625,0.09999609738588333
66.60363054275513,1572.7049560546875,70.2421875,0.09998437762260437
66.71633338928223,1573.62060546875,70.1953125,0.09999219328165054
66.8108777999878,1574.7518310546875,70.14453125,0.09998828917741776
66.92390990257263,1575.6136474609375,70.109375,0.09998047351837158
67.01847004890442,1576.7447509765625,70.06640625,0.10002734512090683
67.13143467903137,1577.4989013671875,70.02734375,0.10000000149011612
67.24395442008972,1578.4146728515625,69.984375,0.09999219328165054
67.37168645858765,1579.599609375,69.94140625,0.09999609738588333
67.49911785125732,1580.7308349609375,69.87890625,0.09999219328165054
67.61194777488708,1581.80810546875,69.84375,0.10001172125339508
67.72469687461853,1582.9393310546875,69.7890625,0.09998828917741776
67.85150861740112,1583.908935546875,69.75390625,0.10000000149011612
67.97803282737732,1584.9862060546875,69.6953125,0.09998437762260437
68.0913622379303,1586.22509765625,69.65625,0.10001172125339508
68.21843385696411,1587.24853515625,69.6015625,0.09999219328165054
68.33151602745056,1588.27197265625,69.55859375,0.1000039130449295
68.45849871635437,1589.3492431640625,69.5078125,0.09998437762260437
68.57127904891968,1590.48046875,69.46484375,0.10000781714916229
68.69822573661804,1591.3961181640625,69.40625,0.10000000149011612
68.82490801811218,1592.635009765625,69.3671875,0.09998828917741776
68.93786668777466,1593.820068359375,69.32421875,0.09999219328165054
69.05054759979248,1594.9512939453125,69.2578125,0.1000039130449295
69.17731809616089,1595.9208984375,69.234375,0.09999219328165054
69.2897367477417,1596.8365478515625,69.19140625,0.09999609738588333
69.40234470367432,1598.075439453125,69.13671875,0.10000781714916229
69.51493763923645,1598.9912109375,69.0859375,0.09998437762260437
69.64149785041809,1599.960693359375,69.046875,0.10001953691244125
69.75447702407837,1601.1995849609375,68.9921875,0.10000000149011612
69.88197445869446,1602.1153564453125,68.9609375,0.10000000149011612
69.97731041908264,1603.354248046875,68.921875,0.09998828917741776
70.07238912582397,1604.1083984375,68.87890625,0.10001953691244125
70.18538403511047,1605.0240478515625,68.859375,0.09999219328165054
70.28060579299927,1606.0474853515625,68.78515625,0.1000039130449295
70.3980495929718,1606.909423828125,68.73828125,0.09999609738588333
70.50611758232117,1608.04052734375,68.70703125,0.09999219328165054
70.60014367103577,1608.956298828125,68.6796875,0.09999609738588333
70.69874596595764,1609.818115234375,68.625,0.09998828917741776
70.81027483940125,1610.572265625,68.59765625,0.10000781714916229
70.91983246803284,1611.703369140625,68.54296875,0.09999609738588333
71.01696038246155,1612.6729736328125,68.49609375,0.09999609738588333
71.11269903182983,1613.5347900390625,68.46875,0.09999609738588333
71.20932078361511,1614.4505615234375,68.4375,0.0999765694141388
71.33497476577759,1615.20458984375,68.37890625,0.10000781714916229
71.43072175979614,1616.3896484375,68.34765625,0.10001172125339508
71.52724385261536,1617.305419921875,68.31640625,0.0999765694141388
71.62432646751404,1618.0594482421875,68.26953125,0.10000000149011612
71.72207617759705,1618.867431640625,68.234375,0.10001172125339508
71.85024046897888,1619.8370361328125,68.19140625,0.10000000149011612
71.97766351699829,1620.96826171875,68.14453125,0.10001563280820847
72.08923816680908,1622.2071533203125,68.11328125,0.09998437762260437
72.18550515174866,1623.0689697265625,68.07421875,0.09998437762260437
72.3126769065857,1624.03857421875,68.02734375,0.09999219328165054
72.42409920692444,1625.169677734375,67.99609375,0.09998437762260437
72.53610157966614,1626.2469482421875,67.9453125,0.09998828917741776
72.6452317237854,1627.10888671875,67.91015625,0.09998437762260437
72.74500274658203,1628.13232421875,67.875,0.09999219328165054
72.85533237457275,1629.0479736328125,67.828125,0.09999609738588333
72.96933221817017,1630.017578125,67.7890625,0.09999609738588333
73.0794038772583,1630.9871826171875,67.73828125,0.09997265785932541
73.19241404533386,1631.956787109375,67.71484375,0.09999609738588333
73.31731057167053,1632.980224609375,67.63671875,0.09999219328165054
73.4145143032074,1634.003662109375,67.60546875,0.10001563280820847
73.52888035774231,1634.9193115234375,67.58984375,0.09998047351837158
73.67253160476685,1635.9427490234375,67.5078125,0.10003125667572021
73.78462672233582,1637.2354736328125,67.5078125,0.09998437762260437
73.8971574306488,1638.205078125,67.44140625,0.10000000149011612
74.0045268535614,1639.1746826171875,67.40625,0.09997265785932541
74.12041068077087,1640.09033203125,67.375,0.09999609738588333
74.23246216773987,1641.275390625,67.29296875,0.09999609738588333
74.35723805427551,1642.191162109375,67.265625,0.10001172125339508
74.47098088264465,1643.48388671875,67.2578125,0.09999219328165054
74.56758069992065,1644.399658203125,67.19921875,0.10001953691244125
74.67926001548767,1645.261474609375,67.16015625,0.09998828917741776
74.80707597732544,1646.2310791015625,67.109375,0.09999609738588333
74.90024781227112,1647.308349609375,67.08203125,0.09999609738588333
74.99641704559326,1648.331787109375,67.046875,0.10002734512090683
75.11405563354492,1648.9781494140625,66.9921875,0.09999609738588333
75.22157502174377,1650.0015869140625,66.9609375,0.10000781714916229
75.31980562210083,1650.9173583984375,66.9140625,0.09999219328165054
75.43177700042725,1651.8868408203125,66.8828125,0.1000039130449295
75.5580677986145,1652.9102783203125,66.82421875,0.1000039130449295
75.65302729606628,1654.04150390625,66.796875,0.10001563280820847
75.76525139808655,1654.795654296875,66.7578125,0.1000039130449295
75.86282014846802,1655.819091796875,66.71484375,0.0999765694141388
75.95642375946045,1656.842529296875,66.68359375,0.09999609738588333
76.08690023422241,1657.542724609375,66.64453125,0.09999219328165054
76.18156909942627,1658.6739501953125,66.625,0.10001172125339508
76.27797818183899,1659.5357666015625,66.5703125,0.09999219328165054
76.37461256980896,1660.34375,66.5390625,0.10002344101667404
76.48677182197571,1661.2593994140625,66.4921875,0.09998047351837158
76.59903526306152,1662.3367919921875,66.4765625,0.10002734512090683
76.71051239967346,1663.1986083984375,66.42578125,0.09996094554662704
76.82167363166809,1664.3297119140625,66.3828125,0.10001563280820847
76.9192545413971,1665.2454833984375,66.36328125,0.10000000149011612
77.04466652870178,1666.1611328125,66.30859375,0.10001953691244125
77.15620040893555,1667.238525390625,66.265625,0.10000781714916229
77.26993203163147,1668.100341796875,66.23828125,0.10000000149011612
77.36747908592224,1669.2315673828125,66.18359375,0.09999609738588333
77.49204897880554,1670.0394287109375,66.15234375,0.09999609738588333
77.59063601493835,1671.170654296875,66.1171875,0.09998047351837158
77.716881275177,1672.08642578125,66.0625,0.09999609738588333
77.81179976463318,1673.10986328125,66.03515625,0.10001563280820847
77.90691661834717,1673.9178466796875,66.015625,0.10000781714916229
78.00243926048279,1674.8873291015625,65.9765625,0.10002344101667404
78.11705303192139,1675.749267578125,65.93359375,0.09998047351837158
78.22800087928772,1676.71875,65.8828125,0.10000000149011612
78.33869981765747,1677.6883544921875,65.87109375,0.1000039130449295
78.4535276889801,1678.6041259765625,65.828125,0.10001172125339508
78.56537580490112,1679.681396484375,65.77734375,0.09998828917741776
78.6907126903534,1680.704833984375,65.7421875,0.10002734512090683
78.80496001243591,1681.7821044921875,65.69921875,0.10001563280820847
78.90180349349976,1682.8055419921875,65.65625,0.10000781714916229
79.03003215789795,1683.505859375,65.6171875,0.10000000149011612
79.1395001411438,1684.5831298828125,65.58203125,0.1000039130449295
79.2363691329956,1685.660400390625,65.54296875,0.10001172125339508
79.33211374282837,1686.4683837890625,65.51953125,0.10001953691244125
79.44377970695496,1687.4918212890625,65.46484375,0.09997265785932541
79.5377984046936,1688.46142578125,65.4296875,0.1000039130449295
79.63371658325195,1689.1077880859375,65.40625,0.10001563280820847
79.7491364479065,1690.0235595703125,65.359375,0.09998047351837158
79.87443995475769,1690.939208984375,65.3359375,0.09999609738588333
79.98671340942383,1692.1781005859375,65.30078125,0.1000039130449295
80.10545611381531,1693.147705078125,65.24609375,0.10000000149011612
80.2108781337738,1694.2249755859375,65.20703125,0.09998437762260437
80.30611944198608,1695.1407470703125,65.19921875,0.10000000149011612
80.41993689537048,1695.894775390625,65.1640625,0.09998828917741776
80.51385116577148,1696.918212890625,65.11328125,0.10000781714916229
80.6273901462555,1697.833984375,65.08203125,0.10000781714916229
80.74064064025879,1698.7496337890625,65.03515625,0.10001172125339508
80.8508689403534,1699.71923828125,65.0,0.09998437762260437
80.94814944267273,1700.635009765625,64.97265625,0.09999219328165054
81.05868363380432,1701.496826171875,64.9375,0.09999219328165054
81.15710783004761,1702.520263671875,64.89453125,0.10001953691244125
81.26586389541626,1703.3282470703125,64.859375,0.10000781714916229
81.36344194412231,1704.243896484375,64.8203125,0.10001172125339508
81.45964527130127,1705.1058349609375,64.796875,0.10000000149011612
81.5872642993927,1705.9676513671875,64.75390625,0.10000781714916229
81.71235656738281,1707.1527099609375,64.7109375,0.10001953691244125
81.82526469230652,1708.2838134765625,64.671875,0.10000000149011612
81.939777135849,1709.1456298828125,64.6484375,0.10000781714916229
82.06446266174316,1710.3306884765625,64.609375,0.09998828917741776
82.19593977928162,1711.2464599609375,64.5625,0.09999609738588333
82.32046961784363,1712.4853515625,64.515625,0.10000781714916229
82.41990923881531,1713.5087890625,64.4765625,0.10001172125339508
82.54749369621277,1714.4244384765625,64.4375,0.1000039130449295
82.65687704086304,1715.39404296875,64.39453125,0.09999219328165054
82.75577116012573,1716.4713134765625,64.359375,0.10000000149011612
82.88229250907898,1717.4947509765625,64.32421875,0.1000039130449295
82.99528050422668,1718.518310546875,64.28515625,0.1000039130449295
83.12190914154053,1719.48779296875,64.25390625,0.09999219328165054
83.23490238189697,1720.565185546875,64.21484375,0.10000781714916229
83.36172127723694,1721.588623046875,64.16796875,0.09998437762260437
83.47457075119019,1722.6658935546875,64.1328125,0.10000781714916229
83.6000280380249,1723.58154296875,64.1015625,0.09999219328165054
83.71464610099792,1724.7127685546875,64.05859375,0.10000000149011612
83.82682228088379,1725.7362060546875,64.01171875,0.10000000149011612
83.9511649608612,1726.8673095703125,64.0,0.10001172125339508
84.0500066280365,1727.9447021484375,63.93359375,0.10000000149011612
84.14508771896362,1728.591064453125,63.90625,0.1000039130449295
84.23957586288452,1729.614501953125,63.8828125,0.09998828917741776
84.33604025840759,1730.314697265625,63.7734375,0.09994141012430191
84.43462562561035,1731.06884765625,63.81640625,0.09999219328165054
84.5442442893982,1731.9306640625,63.796875,0.10002344101667404
84.64032912254333,1732.9541015625,63.76953125,0.10000781714916229
84.73822784423828,1733.708251953125,63.7421875,0.09999609738588333
84.8475775718689,1734.6778564453125,63.69921875,0.09999609738588333
84.94609951972961,1735.5396728515625,63.67578125,0.10001172125339508
85.0576069355011,1736.4014892578125,63.62890625,0.10001953691244125
85.1686487197876,1737.37109375,63.59375,0.10001563280820847
85.26323246955872,1738.39453125,63.55859375,0.10001563280820847
85.37422060966492,1739.148681640625,63.53125,0.1000039130449295
85.48782658576965,1740.0643310546875,63.48828125,0.09999219328165054
85.60074043273926,1741.1417236328125,63.4453125,0.09998047351837158
85.71012926101685,1742.1112060546875,63.42578125,0.09998828917741776
85.82377505302429,1742.97314453125,63.375,0.1000039130449295
85.93683910369873,1743.99658203125,63.33984375,0.09998047351837158
86.03297829627991,1744.966064453125,63.3203125,0.1000039130449295
86.14560103416443,1745.8818359375,63.28515625,0.10001563280820847
86.27121567726135,1746.8514404296875,63.24609375,0.10001172125339508
86.38445281982422,1747.8748779296875,63.2109375,0.09999609738588333
86.49734044075012,1749.0059814453125,63.1796875,0.10000000149011612
86.62428402900696,1749.8677978515625,63.13671875,0.10001172125339508
86.74967956542969,1750.83740234375,63.1015625,0.10000000149011612
86.84939312934875,1752.0762939453125,63.0703125,0.10001172125339508
86.97641038894653,1752.8304443359375,63.03515625,0.10001172125339508
87.08905839920044,1754.1771240234375,62.9765625,0.10000781714916229
87.21905255317688,1754.985107421875,62.95703125,0.09999219328165054
87.3412938117981,1756.1162109375,62.8984375,0.10002734512090683
87.4402527809143,1757.1934814453125,62.87890625,0.09999219328165054
87.55304145812988,1758.055419921875,62.8359375,0.09998437762260437
87.67994785308838,1759.1326904296875,62.8125,0.1000039130449295
87.79204154014587,1759.9945068359375,62.77734375,0.10000781714916229
87.90483379364014,1761.125732421875,62.7421875,0.09998047351837158
88.03179287910461,1762.09521484375,62.6953125,0.1000039130449295
88.14381551742554,1763.11865234375,62.6796875,0.10002734512090683
88.25586795806885,1764.196044921875,62.62890625,0.09998828917741776
88.34957480430603,1765.1116943359375,62.59375,0.09998437762260437
88.46395468711853,1765.8658447265625,62.55859375,0.10000000149011612
88.55847477912903,1766.943115234375,62.53125,0.09998047351837158
88.67153453826904,1767.697265625,62.5,0.09999609738588333
88.76587772369385,1768.8284912109375,62.46484375,0.10000000149011612
88.8644106388092,1769.474853515625,62.453125,0.10000781714916229
88.99102282524109,1770.3905029296875,62.41796875,0.10001953691244125
89.10371708869934,1771.3062744140625,62.375,0.10000781714916229
89.23039817810059,1772.4373779296875,62.34375,0.09998047351837158
89.34319925308228,1773.5147705078125,62.30078125,0.10000781714916229
89.46910357475281,1774.5382080078125,62.2734375,0.1000039130449295
89.59768223762512,1775.72314453125,62.22265625,0.1000039130449295
89.71044611930847,1776.6927490234375,62.1875,0.1000039130449295
89.82332015037537,1777.6085205078125,62.16015625,0.10000000149011612
89.95020651817322,1778.685791015625,62.1171875,0.09998828917741776
90.07669639587402,1779.6553955078125,62.07421875,0.10001172125339508
90.1899254322052,1780.894287109375,62.046875,0.09999219328165054
90.31893944740295,1781.7022705078125,62.0234375,0.09999219328165054
90.41325378417969,1782.8333740234375,61.984375,0.09999609738588333
90.5263786315918,1783.641357421875,61.94140625,0.09999609738588333
90.63623046875,1784.71875,61.921875,0.10000000149011612
90.75094842910767,1785.526611328125,61.87890625,0.09998828917741776
90.84578967094421,1786.5501708984375,61.83984375,0.10002734512090683
90.95886325836182,1787.4119873046875,61.8203125,0.09999609738588333
91.08547043800354,1788.381591796875,61.7734375,0.1000039130449295
91.1978988647461,1789.4588623046875,61.7578125,0.10000781714916229
91.31058692932129,1790.428466796875,61.73046875,0.10001563280820847
91.43748712539673,1791.451904296875,61.671875,0.09998828917741776
91.55032396316528,1792.5291748046875,61.64453125,0.09998828917741776
91.6596291065216,1793.5526123046875,61.609375,0.1000039130449295
91.77475881576538,1794.4144287109375,61.5859375,0.1000039130449295
91.9018452167511,1795.1685791015625,61.54296875,0.10001172125339508
91.99871039390564,1796.3536376953125,61.5078125,0.09999609738588333
92.10783457756042,1797.2154541015625,61.4765625,0.1000039130449295
92.22124409675598,1798.292724609375,61.44921875,0.1000039130449295
92.31723833084106,1799.154541015625,61.40625,0.09999609738588333
92.42661666870117,1800.0703125,61.37890625,0.09998828917741776
92.53924655914307,1800.93212890625,61.3515625,0.10000781714916229
92.66928148269653,1801.9017333984375,61.30859375,0.10001953691244125
92.81508922576904,1803.0867919921875,61.2890625,0.09998047351837158
92.92471265792847,1804.2718505859375,61.23046875,0.09999219328165054
93.02096462249756,1805.1336669921875,61.19921875,0.09999219328165054
93.11461877822876,1805.9954833984375,61.17578125,0.1000039130449295
93.22720909118652,1806.7496337890625,61.15234375,0.09998828917741776
93.32517409324646,1807.7730712890625,61.125,0.09999609738588333
93.45294332504272,1808.527099609375,61.09375,0.09998437762260437
93.5458254814148,1809.76611328125,61.05859375,0.10001563280820847
93.66087293624878,1810.5201416015625,61.03125,0.09999219328165054
93.75405883789062,1811.597412109375,60.9921875,0.10001172125339508
93.85366702079773,1812.243896484375,60.984375,0.09998828917741776
93.98098349571228,1813.267333984375,60.93359375,0.09999609738588333
94.077152967453,1814.1829833984375,60.90625,0.09999609738588333
94.18794894218445,1815.0987548828125,60.87890625,0.09999219328165054
94.28216767311096,1816.014404296875,60.8515625,0.09999609738588333
94.3782262802124,1816.876220703125,60.8125,0.09998828917741776
94.47638130187988,1817.63037109375,60.7890625,0.1000039130449295
94.61997199058533,1818.4921875,60.7578125,0.09998828917741776
94.73106479644775,1819.6234130859375,60.734375,0.09998047351837158
94.82625889778137,1820.5390625,60.6875,0.10001563280820847
94.92365837097168,1821.5086669921875,60.66796875,0.10001172125339508
95.03649115562439,1822.155029296875,60.63671875,0.10001172125339508
95.1475739479065,1823.232421875,60.58984375,0.10001172125339508
95.24411249160767,1824.09423828125,60.5703125,0.09998828917741776
95.3398768901825,1825.11767578125,60.54296875,0.10000000149011612
95.43439364433289,1825.81787109375,60.51171875,0.10001172125339508
95.53244042396545,1826.6258544921875,60.484375,0.09999609738588333
95.64441013336182,1827.48779296875,60.4609375,0.09997265785932541
95.75490403175354,1828.4034423828125,60.42578125,0.10000000149011612
95.86783814430237,1829.3192138671875,60.3984375,0.09999219328165054
95.99535059928894,1830.1270751953125,60.37890625,0.10000781714916229
96.12008428573608,1831.25830078125,60.33203125,0.10001172125339508
96.21603560447693,1832.3895263671875,60.30078125,0.10000781714916229
96.31234073638916,1833.3590087890625,60.26953125,0.09999609738588333
96.42718172073364,1834.059326171875,60.23046875,0.10000781714916229
96.53647184371948,1834.9749755859375,60.203125,0.09999609738588333
96.63326478004456,1835.8907470703125,60.1875,0.10000000149011612
96.74672746658325,1836.69873046875,60.140625,0.10000000149011612
96.84550070762634,1837.668212890625,60.12109375,0.10001563280820847
96.9527096748352,1838.42236328125,60.09765625,0.1000039130449295
97.0498058795929,1839.3919677734375,60.0703125,0.1000039130449295
97.14340615272522,1840.2537841796875,60.0546875,0.10000781714916229
97.2425811290741,1841.1156005859375,60.01171875,0.10000781714916229
97.33878874778748,1841.81591796875,59.9921875,0.10000000149011612
97.43239164352417,1842.677734375,59.96875,0.09998437762260437
97.54568862915039,1843.3240966796875,59.9453125,0.09999219328165054
97.65873336791992,1844.293701171875,59.90234375,0.10002344101667404
97.78544116020203,1845.2633056640625,59.87109375,0.10001172125339508
97.8999674320221,1846.340576171875,59.83203125,0.09997265785932541
98.00927305221558,1847.25634765625,59.8046875,0.10000000149011612
98.10591316223145,1848.27978515625,59.79296875,0.10001953691244125
98.20215702056885,1849.0338134765625,59.7578125,0.09998047351837158
98.31205534934998,1849.7879638671875,59.7265625,0.09998437762260437
98.40811109542847,1850.8114013671875,59.69921875,0.09998828917741776
98.5035469532013,1851.5655517578125,59.6796875,0.10001172125339508
98.60166573524475,1852.4273681640625,59.6328125,0.09998437762260437
98.71511125564575,1853.1815185546875,59.62109375,0.09998828917741776
98.8419680595398,1854.2587890625,59.58984375,0.10000000149011612
98.93668556213379,1855.12060546875,59.5625,0.09999609738588333
99.03131413459778,1856.036376953125,59.51953125,0.09999609738588333
99.12809157371521,1856.8443603515625,59.515625,0.10001953691244125
99.22482657432556,1857.5445556640625,59.48046875,0.10000781714916229
99.33776926994324,1858.51416015625,59.45703125,0.10000781714916229
99.46449446678162,1859.4298095703125,59.42578125,0.10000000149011612
99.55885410308838,1860.56103515625,59.37890625,0.10000000149011612
99.65790176391602,1861.26123046875,59.36328125,0.10000000149011612
99.7848207950592,1862.015380859375,59.328125,0.09999609738588333
99.89757800102234,1863.0926513671875,59.31640625,0.1000039130449295
100.02450776100159,1864.062255859375,59.26171875,0.10001953691244125
100.13764524459839,1865.085693359375,59.25,0.10000000149011612
100.2646918296814,1866.00146484375,59.2109375,0.10000781714916229
100.37739706039429,1867.132568359375,59.18359375,0.09999609738588333
100.50412654876709,1867.994384765625,59.14453125,0.10000000149011612
100.61432981491089,1869.1256103515625,59.1015625,0.09998437762260437
100.7260856628418,1869.93359375,59.0859375,0.09999219328165054
100.83929228782654,1871.064697265625,59.04296875,0.1000039130449295
100.93557667732239,1871.7650146484375,59.03515625,0.09998437762260437
101.04701375961304,1872.6268310546875,59.0078125,0.10000781714916229
101.1438376903534,1873.5426025390625,58.9765625,0.10000781714916229
101.24009370803833,1874.296630859375,58.9609375,0.09999609738588333
101.33691883087158,1875.1046142578125,58.92578125,0.1000039130449295
101.44811940193176,1875.966552734375,58.90234375,0.10000781714916229
101.57382702827454,1876.7745361328125,58.87109375,0.09998828917741776
101.6703724861145,1877.851806640625,58.84765625,0.10002344101667404
101.77203941345215,1878.713623046875,58.81640625,0.10000000149011612
101.89434814453125,1879.575439453125,58.7890625,0.09999609738588333
101.99155163764954,1880.437255859375,58.7578125,0.09999609738588333
102.10475540161133,1881.35302734375,58.74609375,0.10001953691244125
102.23187160491943,1882.2686767578125,58.703125,0.09998828917741776
102.32621312141418,1883.292236328125,58.6640625,0.10000781714916229
102.43939876556396,1884.0462646484375,58.65234375,0.09998828917741776
102.55278015136719,1884.9620361328125,58.61328125,0.09999609738588333
102.6794958114624,1885.877685546875,58.5859375,0.10000000149011612
102.79248976707458,1887.0089111328125,58.5703125,0.09999219328165054
102.90322923660278,1887.81689453125,58.5234375,0.10001563280820847
102.99831676483154,1888.7325439453125,58.49609375,0.09998828917741776
103.09640622138977,1889.5943603515625,58.46875,0.09998437762260437
103.22345542907715,1890.3485107421875,58.44921875,0.10001172125339508
103.34861540794373,1891.42578125,58.421875,0.10001172125339508
103.47951459884644,1892.341552734375,58.390625,0.10000000149011612
103.59019231796265,1893.47265625,58.359375,0.09999609738588333
103.70395112037659,1894.388427734375,58.3359375,0.09999609738588333
103.83074283599854,1895.3580322265625,58.30859375,0.10001172125339508
103.92738389968872,1896.273681640625,58.265625,0.09998828917741776
104.05600666999817,1897.02783203125,58.23828125,0.09999609738588333
104.18162155151367,1898.212890625,58.2109375,0.09999219328165054
104.27665901184082,1899.1285400390625,58.18359375,0.10000000149011612
104.39031648635864,1899.8826904296875,58.1484375,0.09999219328165054
104.50307750701904,1900.852294921875,58.125,0.10001172125339508
104.59786486625671,1901.6602783203125,58.1015625,0.09999609738588333
104.71077394485474,1902.5220947265625,58.078125,0.09998828917741776
104.82218289375305,1903.599365234375,58.046875,0.10001172125339508
104.94766736030579,1904.2996826171875,58.01953125,0.09999609738588333
105.06200194358826,1905.3231201171875,58.0,0.10001953691244125
105.15674710273743,1906.2926025390625,57.97265625,0.09998047351837158
105.26960921287537,1906.9390869140625,57.94921875,0.1000039130449295
105.39523363113403,1908.0701904296875,57.921875,0.10001953691244125
105.49169945716858,1908.9320068359375,57.88671875,0.09999609738588333
105.58791160583496,1909.63232421875,57.86328125,0.10001172125339508
105.70111036300659,1910.4403076171875,57.84375,0.10001172125339508
105.79760408401489,1911.35595703125,57.8203125,0.10001172125339508
105.89218854904175,1912.110107421875,57.80078125,0.1000039130449295
106.00524640083313,1912.8642578125,57.7578125,0.10001172125339508
106.11787462234497,1913.72607421875,57.73046875,0.09999609738588333
106.21253657341003,1914.6956787109375,57.70703125,0.10001563280820847
106.3073513507843,1915.503662109375,57.68359375,0.10001172125339508
106.40272259712219,1916.203857421875,57.65234375,0.09998437762260437
106.51737356185913,1916.8502197265625,57.6484375,0.10001953691244125
106.64207744598389,1917.9276123046875,57.60546875,0.10000000149011612
106.7389178276062,1918.7894287109375,57.5859375,0.1000039130449295
106.83656215667725,1919.4896240234375,57.5546875,0.10000000149011612
106.94668626785278,1920.3514404296875,57.54296875,0.10001172125339508
107.06138300895691,1921.159423828125,57.5078125,0.1000039130449295
107.17297387123108,1922.182861328125,57.47265625,0.09999219328165054
107.26899695396423,1923.0447998046875,57.46484375,0.10000000149011612
107.3812210559845,1923.798828125,57.4375,0.09999609738588333
107.49136590957642,1924.714599609375,57.40625,0.09998437762260437
107.58908724784851,1925.46875,57.3828125,0.09999219328165054
107.68170833587646,1926.33056640625,57.36328125,0.10000781714916229
107.77966284751892,1927.03076171875,57.328125,0.10002344101667404
107.87674760818481,1927.784912109375,57.3203125,0.1000039130449295
107.9740195274353,1928.5928955078125,57.2890625,0.09999219328165054
108.08129525184631,1929.2930908203125,57.26953125,0.1000039130449295
108.1948254108429,1930.3165283203125,57.23828125,0.10001172125339508
108.28967714309692,1931.178466796875,57.2109375,0.10001172125339508
108.41693663597107,1931.9324951171875,57.19921875,0.1000039130449295
108.54826593399048,1932.8482666015625,57.1640625,0.10001172125339508
108.67272806167603,1933.81787109375,57.1328125,0.10000000149011612
108.76980900764465,1934.787353515625,57.11328125,0.09998828917741776
108.88407754898071,1935.54150390625,57.1015625,0.10000781714916229
109.01166534423828,1936.5111083984375,57.07421875,0.1000039130449295
109.10605597496033,1937.6422119140625,57.02734375,0.09999609738588333
109.21934819221497,1938.342529296875,57.01171875,0.10000781714916229
109.33195567131042,1939.042724609375,56.984375,0.10001563280820847
109.42646026611328,1940.0123291015625,56.9609375,0.10001953691244125
109.53969740867615,1940.7664794921875,56.9296875,0.10000781714916229
109.63425636291504,1941.574462890625,56.91015625,0.09999219328165054
109.74636840820312,1942.274658203125,56.890625,0.10000000149011612
109.84046339988708,1943.1904296875,56.859375,0.10001563280820847
109.95581102371216,1943.890625,56.83984375,0.10000781714916229
110.0649642944336,1944.8602294921875,56.80859375,0.10000000149011612
110.17908310890198,1945.6142578125,56.79296875,0.1000039130449295
110.30441570281982,1946.5838623046875,56.7734375,0.10000781714916229
110.41941785812378,1947.3380126953125,56.73828125,0.10000781714916229
110.53071093559265,1948.3614501953125,56.7109375,0.10000781714916229
110.6238648891449,1949.1156005859375,56.6796875,0.10000000149011612
110.72071957588196,1949.923583984375,56.6640625,0.10001172125339508
110.83255052566528,1950.8392333984375,56.64453125,0.10001172125339508
110.94700646400452,1951.647216796875,56.6171875,0.10001953691244125
111.04362368583679,1952.3475341796875,56.58984375,0.09999609738588333
111.16843175888062,1953.1015625,56.578125,0.09999219328165054
111.26686120033264,1954.178955078125,56.5390625,0.09999219328165054
111.35940170288086,1954.9329833984375,56.53125,0.10000000149011612
111.45662784576416,1955.4716796875,56.50390625,0.10000781714916229
111.55425333976746,1956.33349609375,56.484375,0.10001172125339508
111.66427206993103,1956.9798583984375,56.45703125,0.10001172125339508
111.77616429328918,1958.111083984375,56.43359375,0.09999219328165054
111.8870894908905,1958.865234375,56.4140625,0.10001172125339508
111.9850697517395,1959.834716796875,56.3828125,0.1000039130449295
112.09855151176453,1960.4810791015625,56.3515625,0.10000000149011612
112.20912313461304,1961.2890625,56.328125,0.10001953691244125
112.30618953704834,1962.204833984375,56.3203125,0.09999609738588333
112.41571354866028,1962.958984375,56.30859375,0.09998828917741776
112.51318287849426,1963.7669677734375,56.26953125,0.10000781714916229
112.61031126976013,1964.52099609375,56.2578125,0.10002344101667404
112.72137403488159,1965.1673583984375,56.2421875,0.10002344101667404
112.8347520828247,1966.19091796875,56.21875,0.09999219328165054
112.9435305595398,1967.052734375,56.16796875,0.10001953691244125
113.03926920890808,1967.6990966796875,56.1640625,0.09999219328165054
113.13513851165771,1968.507080078125,56.14453125,0.10000000149011612
113.23140168190002,1969.26123046875,56.10546875,0.10000000149011612
113.32791781425476,1969.8536376953125,56.09765625,0.10000000149011612
113.42638921737671,1970.715576171875,56.0625,0.09999219328165054
113.53715133666992,1971.5235595703125,56.05859375,0.10000781714916229
113.64981746673584,1972.277587890625,56.02734375,0.10000000149011612
113.7764036655426,1973.2471923828125,56.01171875,0.1000039130449295
113.8889012336731,1974.0013427734375,55.96875,0.09998828917741776
114.01593732833862,1974.9169921875,55.9453125,0.09999609738588333
114.12882208824158,1975.9404296875,55.9296875,0.09999609738588333
114.25430226325989,1976.8023681640625,55.8984375,0.09999609738588333
114.36989998817444,1977.6103515625,55.875,0.09999609738588333
114.48124241828918,1978.6337890625,55.84765625,0.10000000149011612
114.59144425392151,1979.3878173828125,55.8359375,0.10000781714916229
114.68722176551819,1980.088134765625,55.79296875,0.10001953691244125
114.78281378746033,1981.0037841796875,55.7890625,0.09998828917741776
114.89579772949219,1981.4886474609375,55.77734375,0.10001953691244125
114.99242353439331,1982.5120849609375,55.73828125,0.09999219328165054
115.08677387237549,1983.158447265625,55.7109375,0.10001172125339508
115.1833803653717,1983.8048095703125,55.69921875,0.10000000149011612
115.29643034934998,1984.5589599609375,55.6796875,0.09998828917741776
115.39145946502686,1985.5284423828125,55.66015625,0.09999609738588333
115.5057692527771,1986.1209716796875,55.6328125,0.09998437762260437
115.61309480667114,1987.090576171875,55.60546875,0.09998437762260437
115.74435782432556,1987.8985595703125,55.59375,0.1000039130449295
115.85536289215088,1988.8681640625,55.56640625,0.09999219328165054
115.9683940410614,1989.568359375,55.54296875,0.10000781714916229
116.08040237426758,1990.484130859375,55.5234375,0.10000781714916229
116.1894121170044,1991.2381591796875,55.48828125,0.10000000149011612
116.2862594127655,1992.10009765625,55.48828125,0.09999609738588333
116.40029859542847,1992.7464599609375,55.45703125,0.10000000149011612
116.51076602935791,1993.6082763671875,55.42578125,0.09998828917741776
116.64030838012695,1994.4700927734375,55.3984375,0.10001172125339508
116.74958348274231,1995.5474853515625,55.375,0.09999609738588333
116.84724617004395,1996.19384765625,55.3515625,0.09999609738588333
116.94133734703064,1997.1094970703125,55.3359375,0.10000781714916229
117.03764796257019,1997.7020263671875,55.31640625,0.09999609738588333
117.13486742973328,1998.2945556640625,55.296875,0.1000039130449295
117.23305606842041,1999.1563720703125,55.265625,0.09999219328165054
117.34104251861572,1999.96435546875,55.2421875,0.09998437762260437
117.4376208782196,2000.718505859375,55.22265625,0.09999219328165054
117.54926896095276,2001.418701171875,55.203125,0.09998828917741776
117.66193103790283,2002.2266845703125,55.1953125,0.09999609738588333
117.77442264556885,2002.9808349609375,55.171875,0.10002344101667404
117.88798761367798,2003.8426513671875,55.140625,0.10001563280820847
118.0142114162445,2004.650634765625,55.125,0.09998828917741776
118.10992479324341,2005.56640625,55.08984375,0.10000781714916229
118.22021055221558,2006.320556640625,55.08984375,0.09999219328165054
118.31879234313965,2007.2362060546875,55.0546875,0.10001563280820847
118.41231632232666,2007.8287353515625,55.0390625,0.10001563280820847
118.51150512695312,2008.5828857421875,55.015625,0.10001172125339508
118.62152814865112,2009.2830810546875,54.9921875,0.10000000149011612
118.71852517127991,2010.1448974609375,54.97265625,0.1000039130449295
118.82839345932007,2010.8990478515625,54.9609375,0.10002344101667404
118.92498660087585,2011.5992431640625,54.9296875,0.10000000149011612
119.02342772483826,2012.3533935546875,54.91015625,0.09999609738588333
119.14984631538391,2012.999755859375,54.89453125,0.1000039130449295
119.26148319244385,2013.8077392578125,54.87109375,0.1000039130449295
119.37447214126587,2014.77734375,54.85546875,0.09998828917741776
119.50077486038208,2015.4775390625,54.828125,0.09995312988758087
119.61394882202148,2016.5010986328125,54.80078125,0.10000781714916229
119.70887589454651,2017.3629150390625,54.77734375,0.09998047351837158
119.82185244560242,2018.0631103515625,54.78515625,0.10002344101667404
119.91641187667847,2018.87109375,54.75390625,0.09998437762260437
120.0298261642456,2019.5714111328125,54.72265625,0.09999609738588333
120.12238144874573,2020.4332275390625,54.703125,0.09999219328165054
120.2186644077301,2021.0257568359375,54.6796875,0.1000039130449295
120.31648278236389,2021.672119140625,54.65625,0.10000781714916229
120.42941427230835,2022.42626953125,54.64453125,0.09999219328165054
120.52382826805115,2023.1802978515625,54.62109375,0.10001953691244125
120.63498711585999,2023.9344482421875,54.6015625,0.1000039130449295
120.73284602165222,2024.742431640625,54.58984375,0.09999219328165054
120.82629680633545,2025.49658203125,54.5546875,0.1000039130449295
120.92232966423035,2026.1429443359375,54.546875,0.10001172125339508
121.02081894874573,2026.8431396484375,54.53515625,0.10000781714916229
121.11735200881958,2027.4356689453125,54.5,0.10001172125339508
121.22864603996277,2028.24365234375,54.48828125,0.10002344101667404
121.3224105834961,2028.997802734375,54.46484375,0.09998437762260437
121.43638253211975,2029.8057861328125,54.4453125,0.1000039130449295
121.54919219017029,2030.5599365234375,54.41796875,0.10001172125339508
121.67592859268188,2031.31396484375,54.390625,0.09999609738588333
121.78831839561462,2032.17578125,54.38671875,0.10000000149011612
121.90271329879761,2033.091552734375,54.34765625,0.09998828917741776
122.01103901863098,2033.8995361328125,54.33984375,0.10001172125339508
122.10723924636841,2034.4920654296875,54.30859375,0.10000000149011612
122.23324942588806,2035.3538818359375,54.296875,0.1000039130449295
122.34807562828064,2036.161865234375,54.2734375,0.10000000149011612
122.47651076316833,2036.9698486328125,54.23828125,0.10000000149011612
122.58808898925781,2038.047119140625,54.2265625,0.10001953691244125
122.69935774803162,2038.80126953125,54.21484375,0.10000781714916229
122.81086277961731,2039.6092529296875,54.1796875,0.1000039130449295
122.92392063140869,2040.3094482421875,54.15234375,0.1000039130449295
123.03355264663696,2041.0635986328125,54.1484375,0.10002344101667404
123.13104677200317,2042.033203125,54.12109375,0.10001172125339508
123.2420380115509,2042.625732421875,54.1015625,0.09999219328165054
123.35608649253845,2043.4337158203125,54.06640625,0.10002344101667404
123.45325112342834,2044.349365234375,54.05859375,0.10001953691244125
123.56401824951172,2045.103515625,54.05078125,0.10001172125339508
123.66154766082764,2045.8037109375,54.01171875,0.10000781714916229
123.78667402267456,2046.557861328125,54.0,0.09999609738588333
123.88039898872375,2047.31201171875,53.98046875,0.09998828917741776
124.00836324691772,2048.01220703125,53.9609375,0.10000000149011612
124.12278866767883,2048.927978515625,53.94140625,0.09998828917741776
124.21621322631836,2049.68212890625,53.921875,0.1000039130449295
124.31214690208435,2050.274658203125,53.89453125,0.10000000149011612
124.4093885421753,2050.8671875,53.89453125,0.10000000149011612
124.50773525238037,2051.675048828125,53.8515625,0.10001563280820847
124.61780905723572,2052.483154296875,53.83984375,0.10001953691244125
124.71785378456116,2053.291015625,53.8203125,0.10000781714916229
124.84297299385071,2053.9912109375,53.80078125,0.10000781714916229
124.937185049057,2054.79931640625,53.77734375,0.10000781714916229
125.05085945129395,2055.391845703125,53.7578125,0.10001172125339508
125.16212368011475,2056.307373046875,53.74609375,0.09999219328165054
125.27546501159668,2057.0078125,53.73046875,0.09999219328165054
125.40227937698364,2057.92333984375,53.6953125,0.10001953691244125
125.51530694961548,2058.785400390625,53.67578125,0.09999609738588333
125.64225435256958,2059.3779296875,53.65234375,0.10000781714916229
125.73664617538452,2060.509033203125,53.640625,0.10001172125339508
125.849937915802,2061.1015625,53.62109375,0.10001172125339508
125.9463996887207,2061.96337890625,53.6015625,0.09999219328165054
126.05809426307678,2062.609619140625,53.56640625,0.09998828917741776
126.16672897338867,2063.36376953125,53.5546875,0.10001563280820847
126.2793185710907,2064.2255859375,53.5390625,0.09998437762260437
126.39569282531738,2065.03369140625,53.5234375,0.1000039130449295
126.52046132087708,2065.787841796875,53.4921875,0.10000000149011612
126.63471102714539,2066.595703125,53.4765625,0.09999609738588333
126.74364590644836,2067.349853515625,53.44921875,0.09999219328165054
126.85851097106934,2068.3193359375,53.4375,0.100035160779953
126.96698069572449,2069.073486328125,53.39453125,0.10003906488418579
127.08217239379883,2069.719970703125,53.39453125,0.09999609738588333
127.19143986701965,2070.581787109375,53.3671875,0.09999219328165054
127.30443477630615,2071.3359375,53.34375,0.10001172125339508
127.4161286354065,2072.143798828125,53.33984375,0.10001172125339508
127.5130877494812,2072.84423828125,53.31640625,0.10000781714916229
127.6092483997345,2073.490478515625,53.2890625,0.09998828917741776
127.7028021812439,2074.190673828125,53.26953125,0.10000000149011612
127.80140590667725,2074.89111328125,53.25390625,0.09999609738588333
127.92801308631897,2075.59130859375,53.234375,0.10001172125339508
128.0406322479248,2076.61474609375,53.21484375,0.10000781714916229
128.15112590789795,2077.260986328125,53.20703125,0.10002734512090683
128.24589896202087,2077.96142578125,53.18359375,0.09999219328165054
128.34303784370422,2078.71533203125,53.15625,0.10000000149011612
128.44408869743347,2079.415771484375,53.15625,0.09998437762260437
128.57015252113342,2079.954345703125,53.125,0.10001172125339508
128.68020367622375,2080.816162109375,53.109375,0.10000781714916229
128.7762312889099,2081.624267578125,53.0859375,0.10001172125339508
128.87383103370667,2082.324462890625,53.0703125,0.10000000149011612
128.99987387657166,2082.970703125,53.046875,0.10001172125339508
129.0974633693695,2083.832763671875,53.02734375,0.10002344101667404
129.2063717842102,2084.532958984375,53.01171875,0.10002344101667404
129.3193883895874,2085.3408203125,52.9921875,0.10000781714916229
129.43205165863037,2086.14892578125,52.97265625,0.09998437762260437
129.52783918380737,2086.84912109375,52.94921875,0.10000781714916229
129.6231653690338,2087.603271484375,52.9375,0.09999219328165054
129.71861481666565,2088.24951171875,52.921875,0.10000781714916229
129.81606912612915,2088.788330078125,52.91015625,0.09998828917741776
129.92817616462708,2089.488525390625,52.88671875,0.09998828917741776
130.04091477394104,2090.404296875,52.87109375,0.10002734512090683
130.16733193397522,2091.158447265625,52.8359375,0.10001172125339508
130.26287508010864,2091.858642578125,52.83203125,0.09999609738588333
130.36037278175354,2092.61279296875,52.80859375,0.10000781714916229
130.470468044281,2093.31298828125,52.80078125,0.10002344101667404
130.58259892463684,2094.067138671875,52.7734375,0.1000039130449295
130.6784245967865,2094.71337890625,52.75390625,0.1000039130449295
130.77286577224731,2095.521484375,52.73828125,0.10001172125339508
130.87021803855896,2096.114013671875,52.73046875,0.10000000149011612
130.9825918674469,2096.70654296875,52.703125,0.10002734512090683
131.07971835136414,2097.6220703125,52.69140625,0.09999609738588333
131.17475295066833,2098.2685546875,52.671875,0.1000039130449295
131.27066254615784,2098.80712890625,52.69921875,0.09994922578334808
131.36791229248047,2099.561279296875,52.640625,0.10000000149011612
131.46599221229553,2100.261474609375,52.625,0.10003125667572021
131.59178972244263,2100.85400390625,52.6015625,0.10001563280820847
131.70479440689087,2101.931396484375,52.58203125,0.10000781714916229
131.8139774799347,2102.577880859375,52.55078125,0.10007032006978989
131.91066813468933,2103.17041015625,52.5546875,0.10004688054323196
132.00532245635986,2103.816650390625,52.54296875,0.09993750602006912
132.11921763420105,2104.57080078125,52.47265625,0.09998828917741776
132.23058462142944,2105.378662109375,52.4921875,0.1000039130449295
132.3263294696808,2106.1328125,52.47265625,0.10000781714916229
132.43650722503662,2106.779296875,52.46875,0.1000039130449295
132.54904174804688,2107.425537109375,52.44921875,0.10001563280820847
132.64743828773499,2108.1796875,52.40234375,0.09999609738588333
132.75637769699097,2108.933837890625,52.39453125,0.09998828917741776
132.85188579559326,2109.795654296875,52.375,0.10001563280820847
132.9479992389679,2110.280517578125,52.39453125,0.09995703399181366
133.04368448257446,2111.08837890625,52.3125,0.09996094554662704
133.14270639419556,2111.5732421875,52.3359375,0.10002734512090683
133.27096390724182,2112.2734375,52.3125,0.09999609738588333
133.3982765674591,2113.2431640625,52.3046875,0.10001563280820847
133.52533149719238,2113.889404296875,52.29296875,0.1000039130449295
133.63891553878784,2114.859130859375,52.265625,0.09996484965085983
133.78185367584229,2115.559326171875,52.2265625,0.09997265785932541
133.87669944763184,2116.582763671875,52.1953125,0.09998437762260437
133.9725067615509,2117.229248046875,52.16796875,0.09993360191583633
134.06678438186646,2117.983154296875,52.18359375,0.10001172125339508
134.16467142105103,2118.52197265625,52.17578125,0.10001953691244125
134.26273941993713,2119.114501953125,52.14453125,0.10000000149011612
134.37375164031982,2119.814697265625,52.125,0.09998437762260437
134.46868538856506,2120.62255859375,52.1171875,0.09998828917741776
134.56426310539246,2121.215087890625,52.10546875,0.10001953691244125
134.66159105300903,2121.75390625,52.10546875,0.10000000149011612
134.7894332408905,2122.5078125,52.0703125,0.09998828917741776
134.91394448280334,2123.423583984375,52.0390625,0.10000000149011612
135.01259350776672,2124.231689453125,52.02734375,0.10007422417402267
135.1238615512848,2124.98583984375,51.984375,0.09999219328165054
135.22034072875977,2125.632080078125,51.98828125,0.09999609738588333
135.33298134803772,2126.278564453125,51.98046875,0.10002344101667404
135.42790603637695,2127.03271484375,51.9609375,0.09998828917741776
135.52514100074768,2127.78662109375,51.94140625,0.10000781714916229
135.63723015785217,2128.271484375,51.92578125,0.10000781714916229
135.7634847164154,2129.13330078125,51.8984375,0.09999219328165054
135.86071491241455,2129.94140625,51.8828125,0.1000039130449295
135.95699763298035,2130.587646484375,51.8828125,0.09999219328165054
136.0523545742035,2131.12646484375,51.86328125,0.09998437762260437
136.14729952812195,2131.82666015625,51.8359375,0.09999219328165054
136.24296522140503,2132.634521484375,51.82421875,0.09999609738588333
136.3375689983368,2133.0654296875,51.8125,0.10000000149011612
136.45259284973145,2133.765869140625,51.79296875,0.09998828917741776
136.58087158203125,2134.627685546875,51.77734375,0.10001172125339508
136.69097328186035,2135.3818359375,51.76171875,0.1000039130449295
136.80456495285034,2136.24365234375,51.72265625,0.10001563280820847
136.9319679737091,2136.997802734375,51.71875,0.10000000149011612
137.02685117721558,2137.8056640625,51.69921875,0.1000039130449295
137.14034223556519,2138.4521484375,51.69140625,0.10002344101667404
137.26766896247864,2139.2060546875,51.64453125,0.10000781714916229
137.36520791053772,2139.960205078125,51.6328125,0.10002734512090683
137.4723243713379,2140.66064453125,51.62109375,0.1000039130449295
137.5880320072174,2141.36083984375,51.60546875,0.10000000149011612
137.71891593933105,2142.168701171875,51.59375,0.1000039130449295
137.82766151428223,2142.976806640625,51.5625,0.10001172125339508
137.9212040901184,2143.73095703125,51.55078125,0.10001953691244125
138.01750683784485,2144.43115234375,51.5390625,0.10001563280820847
138.13129925727844,2145.023681640625,51.51953125,0.1000039130449295
138.24171805381775,2145.723876953125,51.50390625,0.10002344101667404
138.33907413482666,2146.424072265625,51.48828125,0.09998437762260437
138.45077681541443,2147.124267578125,51.47265625,0.10000781714916229
138.56201457977295,2147.87841796875,51.453125,0.09999609738588333
138.6744999885559,2148.794189453125,51.43359375,0.10002344101667404
138.7872998714447,2149.332763671875,51.421875,0.1000039130449295
138.9134771823883,2150.140869140625,51.3984375,0.1000039130449295
139.02634644508362,2151.002685546875,51.38671875,0.1000039130449295
139.13891339302063,2151.7568359375,51.359375,0.1000039130449295
139.23309230804443,2152.510986328125,51.33984375,0.10001563280820847
139.34648633003235,2153.049560546875,51.32421875,0.09999609738588333
139.4408347606659,2153.749755859375,51.30859375,0.10002344101667404
139.53977012634277,2154.449951171875,51.31640625,0.09998828917741776
139.66713404655457,2155.096435546875,51.28125,0.1000039130449295
139.79412412643433,2156.06591796875,51.2578125,0.09999609738588333
139.8892686367035,2156.8740234375,51.234375,0.09999609738588333
139.98635601997375,2157.466552734375,51.234375,0.10000781714916229
140.08077549934387,2158.11279296875,51.20703125,0.10001172125339508
140.17950773239136,2158.59765625,51.19140625,0.10000781714916229
140.3063349723816,2159.2978515625,51.1796875,0.10001953691244125
140.4008092880249,2160.213623046875,51.15625,0.10000781714916229
140.5134310722351,2160.80615234375,51.15625,0.09999609738588333
140.64074969291687,2161.614013671875,51.125,0.10001563280820847
140.75374054908752,2162.52978515625,51.0859375,0.1000039130449295
140.84865069389343,2163.122314453125,51.09765625,0.09998437762260437
140.96140336990356,2163.6611328125,51.07421875,0.1000039130449295
141.07406949996948,2164.468994140625,51.05078125,0.10002344101667404
141.20152711868286,2165.27685546875,51.0390625,0.09999219328165054
141.29694962501526,2166.138916015625,51.03125,0.1000039130449295
141.40981125831604,2166.839111328125,50.99609375,0.10000781714916229
141.50481581687927,2167.431640625,50.984375,0.09999609738588333
141.61763858795166,2168.077880859375,50.97265625,0.10002344101667404
141.71212315559387,2168.7783203125,50.96875,0.10001172125339508
141.82495307922363,2169.478515625,50.9375,0.09999609738588333
141.92058753967285,2170.232666015625,50.91796875,0.10000781714916229
142.03425288200378,2170.8251953125,50.9140625,0.1000039130449295
142.16123175621033,2171.525390625,50.890625,0.10001563280820847
142.2563648223877,2172.333251953125,50.875,0.09998437762260437
142.38426780700684,2172.979736328125,50.85546875,0.09998047351837158
142.49778819084167,2173.679931640625,50.85546875,0.09999219328165054
142.6248242855072,2174.488037109375,50.828125,0.10000781714916229
142.72007274627686,2175.45751953125,50.79296875,0.09999609738588333
142.81568670272827,2175.99609375,50.79296875,0.10002344101667404
142.92886352539062,2176.642578125,50.7734375,0.09999219328165054
143.02392506599426,2177.396728515625,50.77734375,0.10000000149011612
143.13730359077454,2178.04296875,50.74609375,0.10002734512090683
143.26496934890747,2178.85107421875,50.71484375,0.10002734512090683
143.35960698127747,2179.605224609375,50.6875,0.09998047351837158
143.472758769989,2180.19775390625,50.69921875,0.09996875375509262
143.56725478172302,2180.89794921875,50.6875,0.10002734512090683
143.6805555820465,2181.490478515625,50.65625,0.09998828917741776
143.77575635910034,2182.352294921875,50.640625,0.10003125667572021
143.88908052444458,2182.94482421875,50.63671875,0.09998828917741776
144.01556539535522,2183.591064453125,50.60546875,0.1000039130449295
144.1102728843689,2184.399169921875,50.58984375,0.1000039130449295
144.20861530303955,2185.045654296875,50.5859375,0.10001172125339508
144.33583688735962,2185.637939453125,50.5625,0.10001172125339508
144.44635272026062,2186.5,50.5390625,0.1000039130449295
144.54232048988342,2187.307861328125,50.52734375,0.10000000149011612
144.63975358009338,2187.846435546875,50.51171875,0.10004297643899918
144.75092768669128,2188.546875,50.5078125,0.1000039130449295
144.86262226104736,2189.139404296875,50.48046875,0.1000039130449295
144.96023058891296,2190.001220703125,50.48828125,0.10001172125339508
145.0723900794983,2190.539794921875,50.47265625,0.10000781714916229
145.19959378242493,2191.239990234375,50.44140625,0.10002734512090683
145.29560089111328,2192.209716796875,50.3984375,0.1000039130449295
145.38971734046936,2192.6943359375,50.40234375,0.10001563280820847
145.48699235916138,2193.3408203125,50.38671875,0.09997265785932541
145.58184146881104,2193.987060546875,50.36328125,0.10005078464746475
145.67703557014465,2194.633544921875,50.34375,0.10000781714916229
145.77257704734802,2195.118408203125,50.34375,0.09998828917741776
145.86895394325256,2195.818603515625,50.33984375,0.10002344101667404
145.979900598526,2196.465087890625,50.3203125,0.09999219328165054
146.07963132858276,2197.111328125,50.296875,0.09998828917741776
146.18881702423096,2197.865478515625,50.2890625,0.09996875375509262
146.3036379814148,2198.404052734375,50.26953125,0.09999609738588333
146.4463484287262,2199.31982421875,50.25390625,0.10000781714916229
146.54230523109436,2200.1279296875,50.23046875,0.10000781714916229
146.6379463672638,2200.72021484375,50.2265625,0.10000000149011612
146.73157787322998,2201.420654296875,50.21875,0.10001563280820847
146.8288106918335,2201.9052734375,50.1953125,0.10002734512090683
146.9260950088501,2202.605712890625,50.17578125,0.10001953691244125
147.02333188056946,2203.144287109375,50.16796875,0.10001563280820847
147.1342031955719,2203.844482421875,50.140625,0.10002734512090683
147.2312433719635,2204.5986328125,50.14453125,0.10001563280820847
147.3422417640686,2205.13720703125,50.1171875,0.09995703399181366
147.4538233280182,2205.837646484375,50.09375,0.09998437762260437
147.54936838150024,2206.537841796875,50.1015625,0.0999765694141388
147.65968489646912,2207.076416015625,50.078125,0.09998828917741776
147.7563672065735,2207.83056640625,50.0546875,0.09999219328165054
147.85349774360657,2208.47705078125,50.0234375,0.0999765694141388
147.96328258514404,2209.17724609375,50.02734375,0.10000781714916229
148.05961799621582,2209.823486328125,50.03515625,0.10002344101667404
148.15680027008057,2210.469970703125,50.0,0.09998437762260437
148.2537841796875,2211.116455078125,49.98828125,0.10000000149011612
148.34868121147156,2211.655029296875,49.98046875,0.100035160779953
148.44480228424072,2212.355224609375,49.953125,0.10000000149011612
148.5407977104187,2213.055419921875,49.9609375,0.09999219328165054
148.63411569595337,2213.540283203125,49.953125,0.09998828917741776
148.73269772529602,2214.1328125,49.90625,0.10004297643899918
148.82958698272705,2214.67138671875,49.91796875,0.09994922578334808
148.92487502098083,2215.263916015625,49.88671875,0.10000781714916229
149.02126622200012,2215.964111328125,49.85546875,0.09993750602006912
149.14637327194214,2216.448974609375,49.84765625,0.10003906488418579
149.26045656204224,2217.310791015625,49.8515625,0.1000039130449295
149.37323784828186,2218.06494140625,49.8046875,0.09999609738588333
149.48482131958008,2218.76513671875,49.796875,0.10000781714916229
149.59561228752136,2219.357666015625,49.78515625,0.10001563280820847
149.70567989349365,2220.11181640625,49.7890625,0.10007032006978989
149.82071375846863,2220.865966796875,49.765625,0.0999765694141388
149.91693139076233,2221.566162109375,49.765625,0.09998047351837158
150.0106167793274,2222.212646484375,49.73828125,0.10000000149011612
150.1238033771515,2222.85888671875,49.703125,0.09998828917741776
150.22057390213013,2223.50537109375,49.69921875,0.10000000149011612
150.31652235984802,2224.15185546875,49.6875,0.09998828917741776
150.42913436889648,2224.85205078125,49.66796875,0.1000664085149765
150.54105377197266,2225.55224609375,49.65234375,0.10006250441074371
150.6682140827179,2226.19873046875,49.6328125,0.10003906488418579
150.78040957450867,2227.006591796875,49.61328125,0.09998828917741776
150.90507864952087,2227.7607421875,49.60546875,0.0999765694141388
151.0184624195099,2228.514892578125,49.59765625,0.09998828917741776
151.11407566070557,2229.053466796875,49.5703125,0.10001172125339508
151.22587943077087,2229.699951171875,49.5546875,0.09997265785932541
151.3403344154358,2230.400146484375,49.5546875,0.10001563280820847
151.45237064361572,2231.04638671875,49.52734375,0.10005468875169754
151.56144165992737,2231.962158203125,49.51953125,0.09996094554662704
151.67404651641846,2232.608642578125,49.49609375,0.100035160779953
151.7702350616455,2233.36279296875,49.52734375,0.10003125667572021
151.86763072013855,2233.955322265625,49.484375,0.10001563280820847
151.96160459518433,2234.493896484375,49.46875,0.10000781714916229
152.05787539482117,2235.194091796875,49.44921875,0.09996094554662704
