t(s),press,volumetric_flow,mass_flow
0.0979914665222168,1016.8689575195312,0.0,0.0
0.19286561012268066,1016.9766845703125,0.0,0.0
0.33573484420776367,1016.8689575195312,44.3515625,0.06883203238248825
0.4330587387084961,1017.8923950195312,97.0078125,0.09335547685623169
0.5468425750732422,1020.3163452148438,102.9453125,0.09628906846046448
0.6409006118774414,1021.3397827148438,104.43359375,0.0974414125084877
0.7354915142059326,1021.6629638671875,105.078125,0.09794922173023224
0.8490691184997559,1022.0400390625,105.44140625,0.09831640869379044
0.9623126983642578,1022.2554931640625,105.7734375,0.09856641292572021
1.0568907260894775,1022.470947265625,105.953125,0.09873437881469727
1.1547179222106934,1022.4171142578125,106.10546875,0.09887109696865082
1.2487552165985107,1022.632568359375,106.23046875,0.09896094352006912
1.3439743518829346,1022.7402954101562,106.32421875,0.09904297441244125
1.4556829929351807,1022.8480224609375,106.42578125,0.09913672506809235
1.5524413585662842,1022.8480224609375,106.46484375,0.09920703619718552
1.650635004043579,1022.9557495117188,106.49609375,0.09928125143051147
1.7437117099761963,1022.90185546875,106.5625,0.09931641072034836
1.8398022651672363,1023.1173706054688,106.55859375,0.09937500208616257
1.9529743194580078,1023.2789306640625,106.62890625,0.09937500208616257
2.0487136840820312,1023.22509765625,106.6484375,0.09941406548023224
2.142826557159424,1023.4405517578125,106.671875,0.0994257852435112
2.2421939373016357,1023.4405517578125,106.73046875,0.09947656840085983
2.3346340656280518,1023.494384765625,106.7421875,0.0994882881641388
2.4466018676757812,1023.656005859375,106.76171875,0.09953906387090683
2.547971248626709,1023.7098388671875,106.7578125,0.09953906387090683
2.6561243534088135,1023.92529296875,106.796875,0.09957031905651093
2.7510979175567627,1023.8714599609375,106.78515625,0.0995781272649765
2.848316192626953,1023.9791870117188,106.8203125,0.09959375113248825
2.942965507507324,1024.1407470703125,106.76171875,0.09962500631809235
3.0399818420410156,1024.0869140625,106.8046875,0.09963281452655792
3.1343417167663574,1024.3023681640625,106.8125,0.09966015815734863
3.2302024364471436,1024.356201171875,106.828125,0.09964453428983688
3.328970432281494,1024.517822265625,106.78125,0.09967578947544098
3.4229648113250732,1024.5716552734375,106.82421875,0.09965234994888306
3.521244525909424,1024.841064453125,106.85546875,0.09969141334295273
3.6153697967529297,1024.94873046875,106.8203125,0.09968750178813934
3.7297041416168213,1025.002685546875,106.80078125,0.09970313310623169
3.824888229370117,1025.2181396484375,106.78125,0.09974218904972076
3.921229362487793,1025.379638671875,106.76953125,0.09971875697374344
4.017985582351685,1025.5950927734375,106.74609375,0.09974218904972076
4.113413095474243,1025.6490478515625,106.7890625,0.09971875697374344
4.2057318687438965,1025.810546875,106.7578125,0.09973828494548798
4.30571722984314,1026.026123046875,106.77734375,0.09973438084125519
4.40076756477356,1026.1876220703125,106.7734375,0.09977344423532486
4.5112152099609375,1026.3492431640625,106.73046875,0.09975000470876694
4.605637550354004,1026.403076171875,106.7421875,0.09976562857627869
4.702272653579712,1026.726318359375,106.69921875,0.0997617244720459
4.80101203918457,1026.8341064453125,106.703125,0.09977734833955765
4.896653413772583,1026.9417724609375,106.67578125,0.09976953268051147
4.991168975830078,1027.1033935546875,106.66796875,0.09979687631130219
5.085528373718262,1027.1572265625,106.69921875,0.09980859607458115
5.185432195663452,1027.2650146484375,106.64453125,0.0997617244720459
5.279181241989136,1027.3726806640625,106.65625,0.09980078786611557
5.373569488525391,1027.426513671875,106.65234375,0.09979687631130219
5.473724126815796,1027.48046875,106.6640625,0.09979687631130219
5.568734407424927,1027.749755859375,106.62890625,0.09978125244379044
5.661748647689819,1027.8575439453125,106.62109375,0.09980859607458115
5.760912895202637,1027.9652099609375,106.609375,0.09981250762939453
5.8729798793792725,1028.1268310546875,106.59765625,0.09982031583786011
5.967839956283569,1028.3961181640625,106.58203125,0.09983203560113907
6.06428337097168,1028.3961181640625,106.58203125,0.09985547512769699
6.159339666366577,1028.773193359375,106.58203125,0.09980859607458115
6.255123853683472,1028.8270263671875,106.53515625,0.09983985126018524
6.350379228591919,1029.096435546875,106.51953125,0.09983593970537186
6.448524236679077,1029.2041015625,106.53125,0.09983985126018524
6.544617414474487,1029.36572265625,106.51171875,0.09982813149690628
6.639783620834351,1029.52734375,106.48828125,0.09983593970537186
6.734209299087524,1029.7427978515625,106.48828125,0.09987500309944153
6.829419374465942,1029.8504638671875,106.44140625,0.0998515635728836
6.925050258636475,1030.1737060546875,106.453125,0.09986328333616257
7.024744987487793,1030.2813720703125,106.40234375,0.0998242199420929
7.119953870773315,1030.38916015625,106.421875,0.09986328333616257
7.214025974273682,1030.658447265625,106.37890625,0.0998515635728836
7.312256097793579,1030.7662353515625,106.32421875,0.09984375536441803
7.40666651725769,1031.143310546875,106.3515625,0.0998515635728836
7.501638174057007,1031.3587646484375,106.35546875,0.09984375536441803
7.614522695541382,1031.57421875,106.27734375,0.09984375536441803
7.709572076797485,1031.843505859375,106.2265625,0.09986328333616257
7.805368423461914,1031.8973388671875,106.2890625,0.0998515635728836
7.90134596824646,1032.11279296875,106.21875,0.09986328333616257
8.013870000839233,1032.2744140625,106.203125,0.0998828187584877
8.11225962638855,1032.4898681640625,106.21484375,0.0998828187584877
8.208187103271484,1032.866943359375,106.1484375,0.09986328333616257
8.300966024398804,1033.2440185546875,106.1328125,0.09987500309944153
8.400379180908203,1033.5133056640625,106.125,0.09987109899520874
8.495213508605957,1033.62109375,106.09765625,0.09987500309944153
8.606698751449585,1033.8365478515625,106.05859375,0.09987891465425491
8.700851917266846,1034.3212890625,106.0234375,0.09984375536441803
8.79973554611206,1034.4290771484375,106.01171875,0.09986719489097595
8.897007465362549,1034.752197265625,105.98828125,0.0998828187584877
9.022881031036377,1035.237060546875,105.9296875,0.09986328333616257
9.11825442314148,1035.7218017578125,105.875,0.09987109899520874
9.213172197341919,1035.9910888671875,105.84765625,0.09989062696695328
9.311411380767822,1036.3143310546875,105.83203125,0.09987109899520874
9.407453536987305,1036.5836181640625,105.83203125,0.09989453852176666
9.501854181289673,1037.0145263671875,105.74609375,0.09991016238927841
9.599947452545166,1037.3916015625,105.73046875,0.09991016238927841
9.711082458496094,1037.822509765625,105.6484375,0.09991016238927841
9.807865381240845,1038.307373046875,105.62890625,0.09990234673023224
9.902833938598633,1038.6304931640625,105.5625,0.09987891465425491
9.996644020080566,1039.2230224609375,105.53515625,0.09988672286272049
10.109748125076294,1039.60009765625,105.49609375,0.09989844262599945
10.207064390182495,1040.192626953125,105.46875,0.09990625828504562
10.301531314849854,1040.62353515625,105.3984375,0.09987891465425491
10.395710706710815,1041.1622314453125,105.3359375,0.09989062696695328
10.494884967803955,1041.64697265625,105.2734375,0.09992188215255737
10.59104323387146,1042.1318359375,105.23046875,0.09993360191583633
10.684964895248413,1042.7781982421875,105.18359375,0.09989844262599945
10.783204555511475,1043.3167724609375,105.1328125,0.09989453852176666
10.877204418182373,1044.01708984375,105.078125,0.0999140664935112
10.971952199935913,1044.5557861328125,105.0234375,0.0999140664935112
11.070461750030518,1045.148193359375,104.953125,0.09989844262599945
11.163743734359741,1045.633056640625,104.91015625,0.0999140664935112
11.26065707206726,1046.4410400390625,104.8359375,0.09989453852176666
11.358887672424316,1047.08740234375,104.765625,0.09992578625679016
11.454003810882568,1047.679931640625,104.6953125,0.09991016238927841
11.548214673995972,1048.43408203125,104.6015625,0.09990234673023224
11.662156820297241,1049.13427734375,104.55078125,0.0999140664935112
11.774125814437866,1050.1038818359375,104.4765625,0.09994922578334808
11.870988130569458,1050.911865234375,104.38671875,0.09989453852176666
11.98199200630188,1051.6658935546875,104.31640625,0.0999140664935112
12.078689336776733,1052.5816650390625,104.25,0.09992969036102295
12.190215349197388,1053.3358154296875,104.1328125,0.09990625828504562
12.28536868095398,1054.3052978515625,104.08203125,0.09990234673023224
12.381277322769165,1055.167236328125,103.98046875,0.09993750602006912
12.477083683013916,1056.0828857421875,103.875,0.09990625828504562
12.572176218032837,1056.9986572265625,103.8125,0.09989844262599945
12.67060399055481,1057.914306640625,103.6953125,0.09994141012430191
12.766971588134766,1058.7222900390625,103.609375,0.09994922578334808
12.877109289169312,1059.69189453125,103.5078125,0.09992969036102295
12.974692583084106,1060.6614990234375,103.43359375,0.09990234673023224
13.069723844528198,1061.6309814453125,103.3359375,0.09994141012430191
13.164183139801025,1062.6005859375,103.2265625,0.09993360191583633
13.258724451065063,1063.5701904296875,103.1328125,0.09993750602006912
13.35831356048584,1064.5936279296875,103.05078125,0.09994141012430191
13.454540252685547,1065.7247314453125,102.9375,0.0999140664935112
13.549256086349487,1066.53271484375,102.8671875,0.09991797059774399
13.645996332168579,1067.55615234375,102.77734375,0.09994922578334808
13.740974426269531,1068.6873779296875,102.62890625,0.09992578625679016
13.835957288742065,1069.60302734375,102.58203125,0.09993360191583633
13.93073558807373,1070.5726318359375,102.46484375,0.09993750602006912
14.028261184692383,1071.703857421875,102.33203125,0.09993750602006912
14.122364521026611,1072.9427490234375,102.28125,0.09995312988758087
14.22065806388855,1073.912353515625,102.1484375,0.09992188215255737
14.316973209381104,1075.04345703125,102.078125,0.09994922578334808
14.41183876991272,1076.0130615234375,101.953125,0.0999453142285347
14.507751703262329,1077.144287109375,101.8515625,0.0999453142285347
14.606882810592651,1078.275390625,101.73828125,0.09992188215255737
14.714598655700684,1079.4066162109375,101.61328125,0.09992578625679016
14.811787843704224,1080.6993408203125,101.515625,0.09994922578334808
14.910114526748657,1081.938232421875,101.41015625,0.09994922578334808
15.022105932235718,1083.1771240234375,101.27734375,0.09989844262599945
15.131274938583374,1084.5238037109375,101.15234375,0.0999453142285347
15.230858087539673,1085.8165283203125,101.0546875,0.09996094554662704
15.33807897567749,1087.055419921875,100.90234375,0.09994922578334808
15.436387538909912,1088.509765625,100.80859375,0.09996484965085983
15.532833099365234,1089.8026123046875,100.69140625,0.09995312988758087
15.645583391189575,1090.987548828125,100.5546875,0.09996094554662704
15.73942518234253,1092.3880615234375,100.43359375,0.0999453142285347
15.83785629272461,1093.680908203125,100.30078125,0.09992578625679016
15.929943084716797,1094.9197998046875,100.203125,0.09994922578334808
16.02621841430664,1096.2125244140625,100.07421875,0.09995312988758087
16.14081311225891,1097.3975830078125,99.953125,0.09992969036102295
16.234859704971313,1098.90576171875,99.828125,0.09992969036102295
16.333455085754395,1100.1986083984375,99.70703125,0.09994141012430191
16.425424098968506,1101.4913330078125,99.609375,0.09996094554662704
16.523809671401978,1102.8380126953125,99.48828125,0.0999453142285347
16.617796182632446,1104.1307373046875,99.3828125,0.09996484965085983
16.71615695953369,1105.4774169921875,99.20703125,0.09994141012430191
16.810965061187744,1106.71630859375,99.13671875,0.09994922578334808
16.908987522125244,1108.1168212890625,98.98046875,0.09992969036102295
17.00523614883423,1109.5711669921875,98.90234375,0.09994141012430191
17.097447395324707,1110.7562255859375,98.81640625,0.09994922578334808
17.196289539337158,1111.9951171875,98.65625,0.09994141012430191
17.290292978286743,1113.449462890625,98.5390625,0.09997265785932541
17.385940074920654,1114.7421875,98.4140625,0.09993360191583633
17.485156774520874,1116.196533203125,98.30859375,0.0999453142285347
17.579720497131348,1117.5970458984375,98.1875,0.09992578625679016
17.67532968521118,1118.8897705078125,98.03515625,0.09996484965085983
17.773016214370728,1120.2364501953125,97.9453125,0.09995703399181366
17.86917543411255,1121.6907958984375,97.83984375,0.0999453142285347
17.980348110198975,1123.1451416015625,97.68359375,0.09996875375509262
18.075416326522827,1124.7611083984375,97.5625,0.09994141012430191
18.171459913253784,1126.053955078125,97.4296875,0.0999453142285347
18.2664954662323,1127.50830078125,97.30859375,0.09997265785932541
18.37873339653015,1128.9088134765625,97.1796875,0.0999453142285347
18.47342586517334,1130.6324462890625,97.046875,0.09993750602006912
18.57261824607849,1131.9251708984375,96.9453125,0.09995312988758087
18.666736602783203,1133.32568359375,96.81640625,0.09996484965085983
18.7624831199646,1134.8878173828125,96.7265625,0.0999453142285347
18.85715961456299,1136.2344970703125,96.55859375,0.0999765694141388
18.955599308013916,1137.74267578125,96.44140625,0.09997265785932541
19.051015377044678,1139.08935546875,96.328125,0.09995312988758087
19.145201444625854,1140.543701171875,96.19921875,0.10000000149011612
19.24266242980957,1141.7825927734375,96.10546875,0.09998047351837158
19.337770462036133,1143.3447265625,95.9453125,0.09994922578334808
19.434231758117676,1144.6912841796875,95.859375,0.09996875375509262
19.532555103302002,1146.1456298828125,95.7421875,0.09995312988758087
19.627206087112427,1147.6539306640625,95.60546875,0.09996094554662704
19.72066903114319,1149.054443359375,95.4921875,0.09998437762260437
19.819960832595825,1150.454833984375,95.38671875,0.09993750602006912
19.91465139389038,1152.07080078125,95.25390625,0.09994141012430191
20.009008407592773,1153.3096923828125,95.140625,0.09998047351837158
20.10458278656006,1154.871826171875,95.0078125,0.09992969036102295
20.201117277145386,1156.326171875,94.90234375,0.09998047351837158
20.29740834236145,1157.780517578125,94.76953125,0.09994922578334808
20.39682912826538,1159.2349853515625,94.66796875,0.09997265785932541
20.508277654647827,1160.7969970703125,94.48828125,0.09995312988758087
20.60390305519104,1162.4129638671875,94.40234375,0.09995312988758087
20.716732501983643,1163.97509765625,94.26171875,0.09996094554662704
20.82783007621765,1165.591064453125,94.12109375,0.09999219328165054
20.920643091201782,1167.314697265625,94.02734375,0.09996094554662704
21.020718097686768,1168.7152099609375,93.88671875,0.09995703399181366
21.14395761489868,1170.3311767578125,93.76953125,0.09996875375509262
21.239984273910522,1172.0009765625,93.625,0.09997265785932541
21.33945369720459,1173.50927734375,93.50390625,0.09996875375509262
21.4342143535614,1175.23291015625,93.36328125,0.0999453142285347
21.528483629226685,1176.57958984375,93.26953125,0.0999765694141388
21.627164840698242,1178.0877685546875,93.15234375,0.0999765694141388
21.72129988670349,1179.5421142578125,93.0390625,0.0999765694141388
21.816341161727905,1180.942626953125,92.91796875,0.09996875375509262
21.914817333221436,1182.39697265625,92.80859375,0.09994922578334808
22.012728214263916,1183.9591064453125,92.671875,0.09996875375509262
22.122209310531616,1185.521240234375,92.546875,0.09996484965085983
22.218003034591675,1187.083251953125,92.43359375,0.09999219328165054
22.313113689422607,1188.6453857421875,92.32421875,0.09995703399181366
22.409993648529053,1190.0458984375,92.18359375,0.09996875375509262
22.504958391189575,1191.6080322265625,92.109375,0.09996484965085983
22.600276947021484,1193.1162109375,91.96484375,0.09996484965085983
22.69597339630127,1194.6243896484375,91.89453125,0.09995312988758087
22.79144859313965,1196.0787353515625,91.75,0.09996094554662704
22.888203620910645,1197.5870361328125,91.6328125,0.09999219328165054
22.985385417938232,1199.09521484375,91.5234375,0.09996875375509262
23.080923318862915,1200.549560546875,91.4140625,0.09996875375509262
23.192209005355835,1201.9500732421875,91.31640625,0.09997265785932541
23.290736198425293,1203.619873046875,91.14453125,0.0999453142285347
23.401987314224243,1205.23583984375,91.0625,0.09994922578334808
23.514270782470703,1206.90576171875,90.94921875,0.09998437762260437
23.60777759552002,1208.6832275390625,90.81640625,0.09997265785932541
23.705967664718628,1210.0299072265625,90.66796875,0.09996094554662704
23.817378997802734,1211.69970703125,90.56640625,0.09998047351837158
23.929805278778076,1213.4234619140625,90.42578125,0.09996484965085983
24.041815996170044,1215.200927734375,90.328125,0.09996875375509262
24.154595136642456,1216.870849609375,90.19140625,0.09998437762260437
24.265873670578003,1218.5406494140625,90.05078125,0.09997265785932541
24.377747297286987,1220.318115234375,89.94921875,0.09997265785932541
24.490758657455444,1222.095703125,89.81640625,0.09995703399181366
24.585495233535767,1223.98095703125,89.6796875,0.09994141012430191
24.679481506347656,1225.32763671875,89.578125,0.09998437762260437
24.778701305389404,1226.943603515625,89.45703125,0.09995703399181366
24.90373134613037,1228.4517822265625,89.328125,0.09996875375509262
25.015600442886353,1230.337158203125,89.23046875,0.09998437762260437
25.11432909965515,1232.060791015625,89.09375,0.09997265785932541
25.225455045700073,1233.51513671875,88.96484375,0.09998437762260437
25.319510459899902,1235.4005126953125,88.8515625,0.09998047351837158
25.418383598327637,1236.8009033203125,88.75,0.09999219328165054
25.54551339149475,1238.363037109375,88.6171875,0.09999609738588333
25.657973289489746,1240.3560791015625,88.4921875,0.09999609738588333
25.769163608551025,1242.1336669921875,88.3359375,0.09997265785932541
25.86343789100647,1243.6956787109375,88.234375,0.09996875375509262
25.958434581756592,1245.3116455078125,88.13671875,0.0999765694141388
26.05699372291565,1246.6583251953125,88.03125,0.09998828917741776
26.15263819694519,1248.328125,87.92578125,0.09997265785932541
26.24614453315735,1249.782470703125,87.8203125,0.09997265785932541
26.36017084121704,1251.23681640625,87.71875,0.09998047351837158
26.454421758651733,1252.9605712890625,87.5859375,0.09999219328165054
26.585970878601074,1254.5225830078125,87.46875,0.09997265785932541
26.697515964508057,1256.5694580078125,87.3203125,0.09996484965085983
26.793792486190796,1258.2393798828125,87.23046875,0.09998047351837158
26.923516035079956,1259.6937255859375,87.1171875,0.09996094554662704
27.031841278076172,1261.7406005859375,86.96875,0.09996875375509262
27.126662731170654,1263.4642333984375,86.8671875,0.09999609738588333
27.22541832923889,1265.0263671875,86.76171875,0.10000781714916229
27.336556911468506,1266.480712890625,86.6328125,0.09997265785932541
27.432891368865967,1268.3121337890625,86.546875,0.0999765694141388
27.542699813842773,1269.712646484375,86.4453125,0.09999219328165054
27.641380548477173,1271.32861328125,86.33203125,0.09998828917741776
27.76873207092285,1272.944580078125,86.1875,0.09996875375509262
27.881094932556152,1274.9376220703125,86.1015625,0.09998047351837158
27.991270065307617,1276.6612548828125,85.97265625,0.09996094554662704
28.086743354797363,1278.3310546875,85.859375,0.09998437762260437
28.216200590133667,1279.7315673828125,85.76953125,0.10000000149011612
28.313448429107666,1281.993896484375,85.6171875,0.09996875375509262
28.441564559936523,1283.340576171875,85.51953125,0.09998828917741776
28.567965984344482,1285.4951171875,85.3671875,0.10000000149011612
28.680156230926514,1287.3804931640625,85.2734375,0.0999765694141388
28.792761087417603,1289.05029296875,85.14453125,0.1000039130449295
28.887953519821167,1290.8817138671875,85.0234375,0.09996484965085983
28.98239541053772,1292.389892578125,84.94140625,0.09997265785932541
29.077155590057373,1293.898193359375,84.83203125,0.09998437762260437
29.175999879837036,1295.1370849609375,84.734375,0.09996484965085983
29.2700777053833,1296.9146728515625,84.6484375,0.10000781714916229
29.368614435195923,1298.4766845703125,84.54296875,0.09997265785932541
29.479225397109985,1299.877197265625,84.44921875,0.10000000149011612
29.57326865196228,1301.65478515625,84.328125,0.09998047351837158
29.671435117721558,1303.0552978515625,84.25,0.0999765694141388
29.765432596206665,1304.5096435546875,84.15625,0.09995312988758087
29.8657808303833,1306.2872314453125,84.0625,0.09997265785932541
30.00554132461548,1307.6876220703125,83.94140625,0.09999219328165054
30.117293119430542,1309.84228515625,83.8125,0.09998437762260437
30.21648931503296,1311.619873046875,83.67578125,0.0999765694141388
30.328726053237915,1313.1280517578125,83.56640625,0.09996875375509262
30.43983483314514,1314.851806640625,83.48046875,0.09997265785932541
30.551706790924072,1316.737060546875,83.375,0.10000781714916229
30.646792888641357,1318.19140625,83.26171875,0.0999765694141388
30.742141246795654,1319.6995849609375,83.16796875,0.09996875375509262
30.83922505378723,1321.26171875,83.0859375,0.0999765694141388
30.93575620651245,1322.716064453125,82.984375,0.0999765694141388
31.046905755996704,1324.33203125,82.87890625,0.09996875375509262
31.143994092941284,1326.0018310546875,82.7578125,0.09998047351837158
31.25603747367859,1327.5101318359375,82.67578125,0.09998828917741776
31.364705324172974,1329.2337646484375,82.58203125,0.09997265785932541
31.46296000480652,1330.95751953125,82.48828125,0.09998828917741776
31.5586895942688,1332.51953125,82.37890625,0.09996484965085983
31.653557538986206,1333.9200439453125,82.296875,0.09996094554662704
31.752026796340942,1335.482177734375,82.1953125,0.09998828917741776
31.879230976104736,1337.0443115234375,82.0859375,0.09996094554662704
31.974303245544434,1339.0372314453125,81.9765625,0.10000000149011612
32.06920266151428,1340.4915771484375,81.87890625,0.10001953691244125
32.168105602264404,1341.946044921875,81.8046875,0.1000039130449295
32.27646207809448,1343.4542236328125,81.69921875,0.09998828917741776
32.376012325286865,1345.1778564453125,81.60546875,0.0999765694141388
32.4872088432312,1346.578369140625,81.5,0.09997265785932541
32.581655979156494,1348.4097900390625,81.421875,0.09998828917741776
32.69196367263794,1349.810302734375,81.328125,0.0999765694141388
32.79106307029724,1351.587890625,81.203125,0.09998828917741776
32.902727127075195,1353.203857421875,81.1171875,0.09999219328165054
33.01459097862244,1354.81982421875,81.03125,0.09998437762260437
33.12624788284302,1356.6512451171875,80.9296875,0.09999609738588333
33.22065448760986,1358.2672119140625,80.82421875,0.09999219328165054
33.3502151966095,1359.9908447265625,80.734375,0.09999219328165054
33.44447445869446,1361.822265625,80.62109375,0.09999219328165054
33.54349637031555,1363.33056640625,80.49609375,0.09998437762260437
33.652562379837036,1364.892578125,80.42578125,0.09998437762260437
33.75135684013367,1366.4547119140625,80.34375,0.09998437762260437
33.86290192604065,1368.0706787109375,80.25390625,0.09999219328165054
33.976359128952026,1369.8482666015625,80.140625,0.10000000149011612
34.10021162033081,1371.5718994140625,80.0234375,0.09996484965085983
34.195717096328735,1373.56494140625,79.91796875,0.09999609738588333
34.29431080818176,1375.0731201171875,79.8359375,0.0999765694141388
34.38869547843933,1376.5274658203125,79.7578125,0.10000000149011612
34.50099182128906,1377.927978515625,79.6640625,0.09998828917741776
34.612263679504395,1379.7593994140625,79.5703125,0.09996484965085983
34.71061110496521,1381.483154296875,79.46875,0.100035160779953
34.80551195144653,1382.9375,79.37890625,0.0999765694141388
34.90084433555603,1384.4996337890625,79.30078125,0.09999219328165054
35.01213097572327,1385.9000244140625,79.20703125,0.1000039130449295
35.12355947494507,1387.623779296875,79.11328125,0.09999219328165054
35.223018407821655,1389.4552001953125,79.01171875,0.09998437762260437
35.33105754852295,1390.9095458984375,78.91796875,0.09998437762260437
35.430516958236694,1392.579345703125,78.81640625,0.09998437762260437
35.542826414108276,1394.1953125,78.70703125,0.09998437762260437
35.68519306182861,1395.8651123046875,78.625,0.10000781714916229
35.797056913375854,1397.9659423828125,78.5234375,0.09998437762260437
35.90889763832092,1399.743408203125,78.4296875,0.09998047351837158
36.00438928604126,1401.52099609375,78.3359375,0.09998437762260437
36.099745750427246,1403.029296875,78.234375,0.1000039130449295
36.21122074127197,1404.5374755859375,78.1640625,0.09999609738588333
36.32337784767151,1406.207275390625,78.0625,0.0999765694141388
36.42271161079407,1407.8770751953125,77.9765625,0.10001953691244125
36.5476975440979,1409.5469970703125,77.890625,0.09998047351837158
36.64351272583008,1411.4322509765625,77.76171875,0.09999609738588333
36.7418794631958,1412.9404296875,77.69921875,0.09998047351837158
36.852959394454956,1414.6102294921875,77.609375,0.09998828917741776
36.94897103309631,1416.2261962890625,77.50390625,0.09997265785932541
37.04352879524231,1417.788330078125,77.4375,0.09999609738588333
37.142261266708374,1419.0272216796875,77.33984375,0.09998437762260437
37.25038480758667,1420.58935546875,77.25,0.10000000149011612
37.348618507385254,1422.4207763671875,77.18359375,0.09999219328165054
37.442692041397095,1423.8212890625,77.08984375,0.09999609738588333
37.541155099868774,1425.3294677734375,77.015625,0.0999765694141388
37.65375208854675,1426.837646484375,76.94140625,0.09998047351837158
37.74799561500549,1428.507568359375,76.859375,0.09996875375509262
37.8772509098053,1429.9619140625,76.76953125,0.10000000149011612
37.973100423812866,1432.0626220703125,76.65625,0.0999765694141388
38.06642150878906,1433.5169677734375,76.58203125,0.09999219328165054
38.1652946472168,1434.8636474609375,76.5078125,0.0999765694141388
38.2599823474884,1436.4256591796875,76.43359375,0.10000781714916229
38.35522222518921,1437.826171875,76.359375,0.0999765694141388
38.4663872718811,1439.442138671875,76.265625,0.0999765694141388
38.56480383872986,1441.05810546875,76.16796875,0.09998437762260437
38.65871596336365,1442.6202392578125,76.11328125,0.1000039130449295
38.77017021179199,1444.12841796875,76.01953125,0.09999609738588333
38.86844754219055,1445.906005859375,75.92578125,0.09997265785932541
38.96240282058716,1447.252685546875,75.8515625,0.10001563280820847
39.07455515861511,1448.7608642578125,75.7890625,0.10000000149011612
39.17365837097168,1450.3768310546875,75.69921875,0.10000000149011612
39.285298585891724,1452.046630859375,75.6015625,0.10000000149011612
39.395283460617065,1453.7164306640625,75.51171875,0.10000000149011612
39.50773620605469,1455.440185546875,75.41796875,0.09999609738588333
39.62020754814148,1457.2177734375,75.34375,0.09998828917741776
39.71492290496826,1458.8875732421875,75.2734375,0.09999609738588333
39.826602935791016,1460.4495849609375,75.18359375,0.09999219328165054
39.92376494407654,1462.01171875,75.09375,0.09998047351837158
40.01794791221619,1463.52001953125,75.01171875,0.09998437762260437
40.130735874176025,1465.0281982421875,74.9375,0.09999219328165054
40.225698709487915,1466.697998046875,74.85546875,0.10000781714916229
40.32486057281494,1468.206298828125,74.7734375,0.09998828917741776
40.43597388267517,1469.66064453125,74.6875,0.09998437762260437
40.52994728088379,1471.4381103515625,74.6328125,0.09999219328165054
40.64235067367554,1472.838623046875,74.53515625,0.10000781714916229
40.74086236953735,1474.5623779296875,74.46484375,0.09999219328165054
40.852975845336914,1476.1243896484375,74.38671875,0.10000781714916229
40.96405792236328,1477.7943115234375,74.29296875,0.10001563280820847
41.058754444122314,1479.5179443359375,74.19921875,0.09998047351837158
41.17020010948181,1480.9722900390625,74.12109375,0.1000039130449295
41.26934099197388,1482.696044921875,74.046875,0.09998047351837158
41.37767720222473,1484.2042236328125,73.953125,0.09997265785932541
41.473095417022705,1485.8201904296875,73.90625,0.09999219328165054
41.604458808898926,1487.2745361328125,73.8125,0.10001563280820847
41.71672344207764,1489.2137451171875,73.71875,0.09999219328165054
41.84151530265808,1490.9373779296875,73.62109375,0.09998437762260437
41.93984532356262,1492.8226318359375,73.53125,0.10000000149011612
42.064985513687134,1494.4385986328125,73.44921875,0.09999219328165054
42.17772150039673,1496.323974609375,73.375,0.10000781714916229
42.28894352912903,1498.1014404296875,73.28125,0.09999609738588333
42.38766098022461,1499.8790283203125,73.21875,0.09999219328165054
42.48273491859436,1501.2257080078125,73.13671875,0.1000039130449295
42.57659888267517,1502.73388671875,73.0703125,0.09996875375509262
42.67322850227356,1504.188232421875,72.9921875,0.1000039130449295
42.771533250808716,1505.642578125,72.9140625,0.09998828917741776
42.865569829940796,1507.15087890625,72.84765625,0.09997265785932541
42.960710287094116,1508.4974365234375,72.7890625,0.09999609738588333
43.05987286567688,1510.0595703125,72.69921875,0.09998047351837158
43.171775341033936,1511.4600830078125,72.6328125,0.09999219328165054
43.266210079193115,1513.2376708984375,72.5625,0.09998437762260437
43.36170935630798,1514.6920166015625,72.4765625,0.10000781714916229
43.4602484703064,1516.092529296875,72.41015625,0.09999609738588333
43.56885480880737,1517.70849609375,72.3515625,0.09998437762260437
43.664135694503784,1519.10888671875,72.26171875,0.10000000149011612
43.76343560218811,1520.724853515625,72.19921875,0.09998828917741776
43.85630917549133,1522.1793212890625,72.1328125,0.10000000149011612
43.9550883769989,1523.5797119140625,72.05859375,0.10000000149011612
44.05072784423828,1525.0341796875,71.98828125,0.09999219328165054
44.145044565200806,1526.59619140625,71.91796875,0.09999219328165054
44.239787101745605,1528.050537109375,71.8515625,0.09999219328165054
44.338356018066406,1529.397216796875,71.80078125,0.1000039130449295
44.45041370391846,1531.0670166015625,71.70703125,0.09999219328165054
44.546144008636475,1532.6829833984375,71.6484375,0.10001563280820847
44.659733057022095,1534.08349609375,71.578125,0.09999219328165054
44.77111268043518,1535.80712890625,71.4765625,0.10000000149011612
44.88219952583313,1537.47705078125,71.421875,0.09998828917741776
44.97660303115845,1539.093017578125,71.33984375,0.09998437762260437
45.08828115463257,1540.6011962890625,71.2734375,0.09997265785932541
45.18696641921997,1542.163330078125,71.203125,0.10001172125339508
45.298250675201416,1543.8331298828125,71.125,0.10000781714916229
45.41125988960266,1545.34130859375,71.05078125,0.09999609738588333
45.52275276184082,1547.0650634765625,70.95703125,0.09998437762260437
45.63512468338013,1548.896484375,70.89453125,0.10001172125339508
45.74619007110596,1550.45849609375,70.8046875,0.09998828917741776
45.84080100059509,1551.966796875,70.75,0.10001172125339508
45.95423126220703,1553.582763671875,70.6875,0.09999609738588333
46.04856896400452,1555.2525634765625,70.6015625,0.09998828917741776
46.16281318664551,1556.7607421875,70.5390625,0.0999765694141388
46.2577109336853,1558.4844970703125,70.46484375,0.10000000149011612
46.35186457633972,1559.9388427734375,70.39453125,0.1000039130449295
46.447163820266724,1561.2855224609375,70.328125,0.10000000149011612
46.54673457145691,1562.6859130859375,70.26953125,0.10000000149011612
46.640730142593384,1564.140380859375,70.1953125,0.09997265785932541
46.73748993873596,1565.3792724609375,70.140625,0.09998437762260437
46.833385944366455,1567.1029052734375,70.0703125,0.09999609738588333
46.92747354507446,1568.3956298828125,70.01171875,0.1000039130449295
47.026124477386475,1569.9039306640625,69.93359375,0.09998828917741776
47.12055706977844,1571.25048828125,69.87890625,0.10000781714916229
47.23116445541382,1572.6510009765625,69.81640625,0.09999609738588333
47.32935619354248,1574.374755859375,69.75,0.09998437762260437
47.42561435699463,1575.8291015625,69.671875,0.10000000149011612
47.53696632385254,1577.3372802734375,69.59375,0.09998437762260437
47.631181955337524,1578.8994140625,69.55078125,0.09998828917741776
47.731128454208374,1580.353759765625,69.48046875,0.09998437762260437
47.85594415664673,1581.7542724609375,69.40234375,0.10000000149011612
47.96651029586792,1583.747314453125,69.34765625,0.1000039130449295
48.065176010131836,1585.2554931640625,69.265625,0.10000000149011612
48.15928268432617,1586.8714599609375,69.2109375,0.09998047351837158
48.254666805267334,1588.3258056640625,69.1171875,0.09998437762260437
48.35345005989075,1589.6724853515625,69.08203125,0.09998047351837158
48.448850870132446,1591.1268310546875,69.0078125,0.09999219328165054
48.54497146606445,1592.4195556640625,68.953125,0.09999219328165054
48.638962507247925,1593.8740234375,68.89453125,0.10000781714916229
48.73729395866394,1595.43603515625,68.8203125,0.09998047351837158
48.832460165023804,1596.6749267578125,68.7890625,0.09998047351837158
48.926634311676025,1598.1832275390625,68.7109375,0.09998047351837158
49.0253541469574,1599.52978515625,68.63671875,0.09998047351837158
49.119821548461914,1600.9302978515625,68.59375,0.10000781714916229
49.23195457458496,1602.3846435546875,68.52734375,0.09999219328165054
49.343148946762085,1603.94677734375,68.453125,0.09999609738588333
49.44144940376282,1605.67041015625,68.3828125,0.09998047351837158
49.53671383857727,1607.01708984375,68.33203125,0.09999219328165054
49.63078832626343,1608.471435546875,68.26171875,0.09998437762260437
49.729530572891235,1609.92578125,68.2109375,0.10000000149011612
49.82473921775818,1611.2724609375,68.1640625,0.09999609738588333
49.91982412338257,1612.726806640625,68.08984375,0.09998437762260437
50.01430940628052,1614.2889404296875,68.03515625,0.1000039130449295
50.109713315963745,1615.689453125,67.97265625,0.09999609738588333
50.22432041168213,1616.982177734375,67.90625,0.09999219328165054
50.35282635688782,1618.59814453125,67.83984375,0.09998828917741776
50.46397876739502,1620.4833984375,67.7578125,0.09999609738588333
50.576842069625854,1621.99169921875,67.7109375,0.09999219328165054
50.68885016441345,1623.7691650390625,67.61328125,0.09998047351837158
50.80045008659363,1625.331298828125,67.5625,0.1000039130449295
50.89456748962402,1626.947265625,67.51171875,0.10000781714916229
51.00793647766113,1628.1861572265625,67.42578125,0.1000039130449295
51.10272717475891,1629.9637451171875,67.375,0.0999765694141388
51.231627225875854,1631.3642578125,67.3046875,0.09999609738588333
51.32661700248718,1633.1417236328125,67.234375,0.10001172125339508
51.42486500740051,1634.6500244140625,67.1796875,0.10000000149011612
51.53604459762573,1636.050537109375,67.12890625,0.09998047351837158
51.64827632904053,1637.66650390625,67.05859375,0.1000039130449295
51.74229383468628,1639.228515625,66.984375,0.10000781714916229
51.83773159980774,1640.6290283203125,66.95703125,0.10001172125339508
51.936415910720825,1642.0833740234375,66.87109375,0.10000781714916229
52.04799842834473,1643.4300537109375,66.81640625,0.1000039130449295
52.143712759017944,1645.099853515625,66.75390625,0.1000039130449295
52.25615930557251,1646.446533203125,66.70703125,0.10000000149011612
52.35066056251526,1648.1163330078125,66.63671875,0.09998828917741776
52.44783043861389,1649.355224609375,66.578125,0.1000039130449295
52.54186224937439,1650.7557373046875,66.5234375,0.1000039130449295
52.639723777770996,1652.102294921875,66.46875,0.09999219328165054
52.73670315742493,1653.5028076171875,66.41015625,0.09999219328165054
52.84777307510376,1654.8494873046875,66.36328125,0.10000000149011612
52.9434609413147,1656.41162109375,66.30859375,0.10000000149011612
53.03748798370361,1657.9736328125,66.23046875,0.09999609738588333
53.13589954376221,1659.2125244140625,66.18359375,0.09999609738588333
53.24799919128418,1660.5592041015625,66.1328125,0.10000781714916229
53.37352967262268,1662.2828369140625,66.06640625,0.09998828917741776
53.47226119041443,1664.006591796875,65.9921875,0.09999609738588333
53.59946632385254,1665.3531494140625,65.9375,0.10000000149011612
53.693509101867676,1667.238525390625,65.86328125,0.1000039130449295
53.78945732116699,1668.69287109375,65.8203125,0.1000039130449295
53.90296292304993,1669.9317626953125,65.76953125,0.09999609738588333
53.9981529712677,1671.493896484375,65.6953125,0.09998047351837158
54.09406590461731,1672.8404541015625,65.640625,0.10001563280820847
54.20867395401001,1674.2947998046875,65.578125,0.10000000149011612
54.31778359413147,1675.8031005859375,65.5234375,0.09999609738588333
54.412402629852295,1677.4190673828125,65.47265625,0.10000781714916229
54.51136231422424,1678.657958984375,65.41796875,0.10000000149011612
54.605525493621826,1680.0584716796875,65.36328125,0.10000781714916229
54.70095443725586,1681.405029296875,65.3046875,0.10000000149011612
54.79924130439758,1682.6978759765625,65.25,0.10000781714916229
54.89314532279968,1684.3138427734375,65.21484375,0.10000781714916229
54.99174666404724,1685.498779296875,65.15234375,0.10001172125339508
55.08720517158508,1686.8992919921875,65.10546875,0.09998828917741776
55.19902563095093,1688.13818359375,65.0546875,0.09999609738588333
55.29532241821289,1689.754150390625,64.99609375,0.09998047351837158
55.389711141586304,1691.0469970703125,64.94140625,0.09998828917741776
55.48807239532471,1692.3397216796875,64.87890625,0.09999219328165054
55.597224712371826,1693.7940673828125,64.84375,0.09999609738588333
55.693718671798706,1695.4100341796875,64.78125,0.09999219328165054
55.78802943229675,1696.64892578125,64.734375,0.10000000149011612
55.88746619224548,1697.99560546875,64.6796875,0.10000781714916229
56.012802600860596,1699.288330078125,64.625,0.09999219328165054
56.14236617088318,1701.2275390625,64.56640625,0.09999219328165054
56.23768448829651,1702.843505859375,64.47265625,0.10001953691244125
56.33186626434326,1704.1900634765625,64.44140625,0.09999609738588333
56.44524168968201,1705.428955078125,64.38671875,0.10001563280820847
56.55911874771118,1707.044921875,64.34765625,0.09999609738588333
56.68421459197998,1708.55322265625,64.2734375,0.10002344101667404
56.780041456222534,1710.3306884765625,64.21484375,0.10000781714916229
56.89443635940552,1711.731201171875,64.15234375,0.09999609738588333
56.98835515975952,1713.2933349609375,64.1015625,0.09999609738588333
57.0850305557251,1714.4244384765625,64.04296875,0.09999609738588333
57.198869466781616,1715.87890625,63.99609375,0.09998828917741776
57.31079816818237,1717.44091796875,63.94921875,0.09998047351837158
57.422141790390015,1718.895263671875,63.875,0.09998437762260437
57.51617383956909,1720.349609375,63.83203125,0.10001563280820847
57.61140966415405,1721.8040771484375,63.7890625,0.0999765694141388
57.71003556251526,1722.989013671875,63.73046875,0.09998437762260437
57.80519652366638,1724.2818603515625,63.703125,0.09999219328165054
57.899423122406006,1725.62841796875,63.62890625,0.10000000149011612
57.99773025512695,1726.9212646484375,63.58984375,0.10000781714916229
58.092501401901245,1728.267822265625,63.5390625,0.10001172125339508
58.19048452377319,1729.5067138671875,63.4921875,0.1000039130449295
58.28453350067139,1730.7457275390625,63.45703125,0.10001563280820847
58.38293719291687,1732.09228515625,63.3984375,0.10000000149011612
58.49424958229065,1733.43896484375,63.34765625,0.09998437762260437
58.588215827941895,1734.9471435546875,63.29296875,0.1000039130449295
58.7188777923584,1736.1322021484375,63.2578125,0.10000781714916229
58.843363761901855,1737.963623046875,63.1796875,0.1000039130449295
58.95534825325012,1739.687255859375,63.12890625,0.10000781714916229
59.05434608459473,1741.1417236328125,63.07421875,0.09999219328165054
59.1656711101532,1742.4344482421875,63.03515625,0.10000781714916229
59.260732650756836,1744.0504150390625,62.96484375,0.09998828917741776
59.35562062263489,1745.2354736328125,62.9140625,0.1000039130449295
59.45440316200256,1746.474365234375,62.8984375,0.10001953691244125
59.56242775917053,1747.8748779296875,62.82421875,0.09998437762260437
59.658844232559204,1749.3292236328125,62.77734375,0.09999609738588333
59.75474977493286,1750.5142822265625,62.74609375,0.10000781714916229
59.85145831108093,1751.9146728515625,62.6875,0.10000000149011612
59.94971251487732,1753.0997314453125,62.64453125,0.10001172125339508
60.04317259788513,1754.23095703125,62.59765625,0.10001172125339508
60.17322540283203,1755.685302734375,62.5546875,0.10001563280820847
60.26754713058472,1757.462890625,62.48828125,0.09999219328165054
60.364513635635376,1758.593994140625,62.4609375,0.10001953691244125
60.47697114944458,1759.940673828125,62.40625,0.1000039130449295
60.57089447975159,1761.4488525390625,62.34375,0.1000039130449295
60.6661331653595,1762.6339111328125,62.30859375,0.09999219328165054
60.76502466201782,1763.8189697265625,62.26171875,0.09998047351837158
60.86052417755127,1765.1116943359375,62.23046875,0.09999609738588333
60.95530033111572,1766.51220703125,62.17578125,0.09999219328165054
61.053967237472534,1767.85888671875,62.125,0.09999609738588333
61.16546821594238,1769.0439453125,62.0703125,0.09999219328165054
61.2597975730896,1770.498291015625,62.04296875,0.10001563280820847
61.355395793914795,1771.5755615234375,61.984375,0.09999219328165054
61.44991660118103,1773.083740234375,61.94921875,0.09999219328165054
61.54694604873657,1774.1611328125,61.8984375,0.10000000149011612
61.657968521118164,1775.5616455078125,61.859375,0.09999609738588333
61.75621056556702,1776.908203125,61.8046875,0.10001172125339508
61.869956254959106,1778.2010498046875,61.7734375,0.10000000149011612
61.99441385269165,1779.6553955078125,61.71484375,0.10001172125339508
62.10588502883911,1781.3251953125,61.6640625,0.10002344101667404
62.21959972381592,1782.779541015625,61.61328125,0.1000039130449295
62.33185148239136,1784.3416748046875,61.5390625,0.09999219328165054
62.42655110359192,1785.7421875,61.48828125,0.10001953691244125
62.55630970001221,1787.034912109375,61.46875,0.1000039130449295
62.66872835159302,1788.65087890625,61.40625,0.1000039130449295
62.78011465072632,1789.9974365234375,61.36328125,0.10002734512090683
62.88996076583862,1791.5595703125,61.30078125,0.09999609738588333
62.98697781562805,1793.013916015625,61.25390625,0.10000781714916229
63.098663091659546,1794.1451416015625,61.19921875,0.10001563280820847
63.195927143096924,1795.6533203125,61.16015625,0.10001172125339508
63.292601585388184,1796.9461669921875,61.13671875,0.09999219328165054
63.387863874435425,1798.18505859375,61.078125,0.09999219328165054
63.48203253746033,1799.3699951171875,61.03515625,0.10001563280820847
63.57883667945862,1800.501220703125,61.0078125,0.10000781714916229
63.673288345336914,1801.7401123046875,60.96484375,0.10001172125339508
63.77179718017578,1803.140625,60.91015625,0.10001172125339508
63.866137742996216,1804.32568359375,60.8828125,0.10001172125339508
63.96305227279663,1805.456787109375,60.82421875,0.10000000149011612
64.05724382400513,1806.7496337890625,60.79296875,0.1000039130449295
64.15279650688171,1808.0423583984375,60.75,0.1000039130449295
64.24891805648804,1809.28125,60.70703125,0.1000039130449295
64.3467185497284,1810.46630859375,60.66015625,0.1000039130449295
64.442223072052,1811.7052001953125,60.62109375,0.09999219328165054
64.55388450622559,1812.8902587890625,60.5703125,0.1000039130449295
64.66620922088623,1814.3446044921875,60.52734375,0.1000039130449295
64.77868747711182,1815.7989501953125,60.49609375,0.09998437762260437
64.87351369857788,1817.199462890625,60.4296875,0.09998437762260437
64.9717104434967,1818.4383544921875,60.40625,0.10000781714916229
65.06732964515686,1819.67724609375,60.35546875,0.09999219328165054
65.16208004951477,1820.9161376953125,60.31640625,0.10001563280820847
65.27351498603821,1822.1011962890625,60.26953125,0.10000781714916229
65.37187886238098,1823.501708984375,60.2265625,0.10000000149011612
65.4831485748291,1824.79443359375,60.1796875,0.09998828917741776
65.59537100791931,1826.1949462890625,60.14453125,0.1000039130449295
65.6908905506134,1827.6492919921875,60.09375,0.09999609738588333
65.785236120224,1828.942138671875,60.0546875,0.1000039130449295
65.88020086288452,1830.0732421875,60.02734375,0.09999219328165054
65.9800033569336,1831.3121337890625,59.96484375,0.09999609738588333
66.10709309577942,1832.6588134765625,59.92578125,0.10002344101667404
66.20216798782349,1834.2747802734375,59.8828125,0.10001563280820847
66.2962818145752,1835.35205078125,59.85546875,0.10001563280820847
66.39489245414734,1836.537109375,59.81640625,0.10001563280820847
66.4894027709961,1837.829833984375,59.7578125,0.10002344101667404
66.58761477470398,1839.0687255859375,59.71484375,0.09999219328165054
66.68213510513306,1840.3076171875,59.671875,0.09998047351837158
66.77682662010193,1841.49267578125,59.65625,0.10002344101667404
66.87535619735718,1842.677734375,59.609375,0.1000039130449295
66.96986031532288,1843.86279296875,59.56640625,0.10001172125339508
67.06498527526855,1845.1016845703125,59.53125,0.1000039130449295
67.16334295272827,1846.2867431640625,59.47265625,0.09998437762260437
67.25733709335327,1847.4178466796875,59.4609375,0.10000781714916229
67.3542127609253,1848.710693359375,59.41796875,0.09997265785932541
67.48019027709961,1849.841796875,59.36328125,0.09999219328165054
67.57973432540894,1851.619384765625,59.3203125,0.09999609738588333
67.6899642944336,1852.8582763671875,59.28125,0.10000000149011612
67.80183458328247,1854.1510009765625,59.2421875,0.10001563280820847
67.89572215080261,1855.6593017578125,59.18359375,0.09998437762260437
67.99475073814392,1856.7904052734375,59.1484375,0.1000039130449295
68.088858127594,1858.029296875,59.1015625,0.09998828917741776
68.20010733604431,1859.1605224609375,59.07421875,0.09998437762260437
68.29672384262085,1860.668701171875,59.01953125,0.09999219328165054
68.39135694503784,1861.853759765625,59.015625,0.10000000149011612
68.48994159698486,1863.1466064453125,58.94140625,0.09998047351837158
68.58449339866638,1864.33154296875,58.9140625,0.10001563280820847
68.6807336807251,1865.35498046875,58.89453125,0.1000039130449295
68.77752733230591,1866.70166015625,58.8359375,0.10002734512090683
68.87196469306946,1867.8328857421875,58.80078125,0.09999219328165054
68.97151565551758,1868.91015625,58.76953125,0.10000781714916229
69.08272385597229,1870.2568359375,58.7109375,0.10001563280820847
69.19402265548706,1871.6572265625,58.6953125,0.09998828917741776
69.28893756866455,1873.0577392578125,58.640625,0.09998437762260437
69.38443946838379,1874.2427978515625,58.60546875,0.09999219328165054
69.47884702682495,1875.4278564453125,58.5703125,0.1000039130449295
69.57625603675842,1876.7205810546875,58.5234375,0.1000039130449295
69.67220759391785,1877.7979736328125,58.484375,0.10000000149011612
69.7707314491272,1878.9290771484375,58.453125,0.10001172125339508
69.86621594429016,1880.2218017578125,58.42578125,0.10001563280820847
69.96264672279358,1881.5146484375,58.375,0.10001563280820847
70.05814385414124,1882.5919189453125,58.32421875,0.09996484965085983
70.15344715118408,1883.9385986328125,58.3125,0.09999219328165054
70.26291370391846,1885.015869140625,58.26171875,0.09998047351837158
70.3614068031311,1886.4163818359375,58.21875,0.09999219328165054
70.47330927848816,1887.6552734375,58.1875,0.10000781714916229
70.56795692443848,1889.001953125,58.14453125,0.10000000149011612
70.67908143997192,1890.0792236328125,58.1171875,0.1000039130449295
70.77896738052368,1891.6412353515625,58.06640625,0.10000781714916229
70.90304374694824,1892.664794921875,58.015625,0.10001563280820847
71.00154519081116,1894.4962158203125,57.98828125,0.0999765694141388
71.11445426940918,1895.5196533203125,57.94140625,0.10001953691244125
71.22575426101685,1897.0816650390625,57.890625,0.1000039130449295
71.32065391540527,1898.4283447265625,57.859375,0.09999609738588333
71.41696977615356,1899.6134033203125,57.82421875,0.10001172125339508
71.51120376586914,1900.690673828125,57.78125,0.10001563280820847
71.60972619056702,1901.875732421875,57.75,0.10000000149011612
71.72099566459656,1903.2222900390625,57.71875,0.10001563280820847
71.8329975605011,1904.51513671875,57.671875,0.10000781714916229
71.94331622123718,1905.9156494140625,57.62109375,0.10001172125339508
72.0418803691864,1907.3160400390625,57.58203125,0.09998437762260437
72.1538393497467,1908.447265625,57.5625,0.1000039130449295
72.26518607139587,1909.901611328125,57.50390625,0.10001953691244125
72.37693381309509,1911.248291015625,57.4765625,0.1000039130449295
72.47098278999329,1912.6488037109375,57.4296875,0.10001953691244125
72.56743121147156,1913.833740234375,57.39453125,0.10001563280820847
72.66192197799683,1914.9111328125,57.3515625,0.1000039130449295
72.76011538505554,1916.2576904296875,57.3125,0.10001563280820847
72.85457634925842,1917.4427490234375,57.28125,0.10001172125339508
72.95067548751831,1918.681640625,57.25390625,0.1000039130449295
73.04725885391235,1919.6512451171875,57.21484375,0.09998828917741776
73.14298510551453,1920.9439697265625,57.18359375,0.09998437762260437
73.25737309455872,1922.0751953125,57.14453125,0.09998437762260437
73.36629366874695,1923.5833740234375,57.09375,0.09999609738588333
73.46463584899902,1924.9300537109375,57.0703125,0.10000000149011612
73.57646703720093,1926.0611572265625,57.0234375,0.10001563280820847
73.68891549110413,1927.4078369140625,56.9921875,0.0999765694141388
73.81718277931213,1928.9161376953125,56.9375,0.10000781714916229
73.92822194099426,1930.42431640625,56.8984375,0.1000039130449295
74.02251076698303,1931.878662109375,56.86328125,0.10002344101667404
74.1341621875763,1933.0098876953125,56.83203125,0.10000781714916229
74.264728307724,1934.3026123046875,56.7890625,0.1000039130449295
74.37649416923523,1936.0262451171875,56.71875,0.10000781714916229
74.47073411941528,1937.319091796875,56.6953125,0.09999609738588333
74.58213400840759,1938.5579833984375,56.66796875,0.10000781714916229
74.68058013916016,1939.796875,56.625,0.09999609738588333
74.7930965423584,1940.98193359375,56.59375,0.09998828917741776
74.90124201774597,1942.4901123046875,56.55078125,0.10001953691244125
75.0001540184021,1943.7828369140625,56.5078125,0.10000000149011612
75.09474468231201,1944.9678955078125,56.46875,0.10001172125339508
75.22390651702881,1946.1529541015625,56.4453125,0.10000781714916229
75.31823325157166,1947.6072998046875,56.38671875,0.09998828917741776
75.41357636451721,1948.84619140625,56.359375,0.10001172125339508
75.51209115982056,1950.1390380859375,56.33984375,0.10001172125339508
75.60583996772766,1951.3240966796875,56.29296875,0.10000781714916229
75.70131325721741,1952.4552001953125,56.265625,0.09999219328165054
75.80013680458069,1953.532470703125,56.21875,0.10002344101667404
75.89429998397827,1954.60986328125,56.1953125,0.10000781714916229
75.99168086051941,1955.9564208984375,56.15625,0.09998437762260437
76.08571553230286,1957.249267578125,56.11328125,0.09992969036102295
76.19722986221313,1958.272705078125,56.0859375,0.09989453852176666
76.29597449302673,1959.834716796875,56.05859375,0.10003906488418579
76.4072597026825,1960.912109375,56.01171875,0.1000039130449295
76.51995491981506,1962.204833984375,55.9765625,0.10000781714916229
76.63121390342712,1963.6591796875,55.9375,0.1000039130449295
76.72742581367493,1964.8980712890625,55.88671875,0.09998047351837158
76.84030175209045,1966.136962890625,55.8671875,0.1000039130449295
76.95372819900513,1967.59130859375,55.82421875,0.09998828917741776
77.06273341178894,1968.93798828125,55.796875,0.09998828917741776
77.1752564907074,1970.230712890625,55.74609375,0.1000039130449295
77.26934146881104,1971.68505859375,55.7109375,0.09998828917741776
77.38158965110779,1972.8162841796875,55.6796875,0.1000039130449295
77.49336314201355,1974.1629638671875,55.6484375,0.10001563280820847
77.59071922302246,1975.509521484375,55.609375,0.10000781714916229
77.68534278869629,1976.6407470703125,55.55859375,0.09999219328165054
77.78092241287231,1977.8258056640625,55.54296875,0.10001953691244125
77.87924933433533,1979.0107421875,55.51171875,0.10000781714916229
77.97327733039856,1980.249755859375,55.46875,0.09999219328165054
78.08523774147034,1981.380859375,55.44140625,0.10000000149011612
78.1809675693512,1982.6197509765625,55.40234375,0.10000781714916229
78.27583122253418,1983.8048095703125,55.375,0.09997265785932541
78.37249517440796,1985.043701171875,55.34375,0.1000039130449295
78.47087478637695,1986.33642578125,55.31640625,0.10000781714916229
78.5646402835846,1987.3060302734375,55.2734375,0.10000781714916229
78.66313409805298,1988.544921875,55.23828125,0.10000781714916229
78.75757360458374,1989.7838134765625,55.19921875,0.10001953691244125
78.85170245170593,1990.8072509765625,55.17578125,0.1000039130449295
78.95030307769775,1991.9923095703125,55.1484375,0.09998828917741776
79.06245827674866,1993.3389892578125,55.109375,0.10001172125339508
79.17391610145569,1994.577880859375,55.07421875,0.100035160779953
79.28632235527039,1995.9783935546875,55.04296875,0.10001953691244125
79.3804280757904,1997.2711181640625,55.0,0.10000000149011612
79.47914600372314,1998.40234375,54.96484375,0.10001563280820847
79.5924563407898,1999.6412353515625,54.91796875,0.10000000149011612
79.69945788383484,2001.041748046875,54.90234375,0.10000781714916229
79.79790258407593,2002.442138671875,54.85546875,0.09999219328165054
79.89313101768494,2003.4656982421875,54.83984375,0.10001563280820847
79.98845148086548,2004.650634765625,54.79296875,0.09998047351837158
80.08486127853394,2005.835693359375,54.765625,0.10000000149011612
80.19656801223755,2007.0745849609375,54.7421875,0.10001172125339508
80.29526472091675,2008.367431640625,54.6953125,0.10000000149011612
80.42033410072327,2009.5523681640625,54.65625,0.09999219328165054
80.53193879127502,2011.0606689453125,54.6171875,0.10001563280820847
80.62736010551453,2012.4072265625,54.6015625,0.10001172125339508
80.72687983512878,2013.484619140625,54.56640625,0.10000000149011612
80.83829712867737,2014.77734375,54.51953125,0.10001563280820847
80.93270874023438,2016.1240234375,54.4765625,0.10000781714916229
81.04382610321045,2017.3089599609375,54.48046875,0.100035160779953
81.14216566085815,2018.70947265625,54.41796875,0.09999609738588333
81.23647260665894,2019.73291015625,54.390625,0.10003125667572021
81.33486032485962,2020.91796875,54.33984375,0.10001953691244125
81.44372987747192,2022.10302734375,54.31640625,0.09998437762260437
81.53860783576965,2023.3419189453125,54.28125,0.10002734512090683
81.63687062263489,2024.5269775390625,54.26171875,0.10000781714916229
81.73073482513428,2025.7120361328125,54.22265625,0.09998047351837158
81.83076524734497,2026.8431396484375,54.19921875,0.10003125667572021
81.9385015964508,2027.9205322265625,54.16015625,0.10000781714916229
82.0369701385498,2029.26708984375,54.1328125,0.10002734512090683
82.13122749328613,2030.5599365234375,54.1015625,0.10002734512090683
82.26090097427368,2031.63720703125,54.06640625,0.10001953691244125
82.35691142082214,2033.091552734375,54.0234375,0.10001172125339508
82.45110964775085,2034.3304443359375,54.0078125,0.10000000149011612
82.54946708679199,2035.3538818359375,53.97265625,0.10002344101667404
82.66196918487549,2036.5927734375,53.93359375,0.1000039130449295
82.77382612228394,2037.9932861328125,53.90234375,0.09998828917741776
82.88494443893433,2039.232177734375,53.8671875,0.09998828917741776
82.97860908508301,2040.578857421875,53.83203125,0.1000039130449295
83.07682156562805,2041.6561279296875,53.80078125,0.1000039130449295
83.17147946357727,2042.787353515625,53.765625,0.09999609738588333
83.28362083435059,2043.9722900390625,53.73828125,0.10000781714916229
83.37830138206482,2045.372802734375,53.71484375,0.09999609738588333
83.47700214385986,2046.4501953125,53.68359375,0.1000039130449295
83.5726752281189,2047.6351318359375,53.65625,0.09998828917741776
83.66699314117432,2048.766357421875,53.625,0.1000039130449295
83.76560091972351,2049.951416015625,53.5859375,0.10000781714916229
83.85981774330139,2051.136474609375,53.55859375,0.1000039130449295
83.95397162437439,2052.10595703125,53.53515625,0.10000000149011612
84.05247902870178,2053.344970703125,53.4921875,0.09998828917741776
84.14897537231445,2054.47607421875,53.46875,0.10001172125339508
84.24368906021118,2055.87646484375,53.4375,0.09999219328165054
84.34072470664978,2056.89990234375,53.41015625,0.10001953691244125
84.43663239479065,2057.977294921875,53.39453125,0.10001172125339508
84.5324776172638,2059.162353515625,53.34765625,0.09998437762260437
84.62820291519165,2060.185791015625,53.328125,0.10001563280820847
84.72269749641418,2061.370849609375,53.29296875,0.10002344101667404
84.8179759979248,2062.555908203125,53.26953125,0.10001563280820847
84.91553044319153,2063.794677734375,53.234375,0.10001563280820847
85.012531042099,2064.926025390625,53.21484375,0.10000000149011612
85.12402200698853,2065.949462890625,53.1796875,0.10000781714916229
85.22153782844543,2067.2958984375,53.13671875,0.09999609738588333
85.33169555664062,2068.48095703125,53.10546875,0.10000000149011612
85.42579364776611,2069.77392578125,53.07421875,0.10000781714916229
85.52512311935425,2070.85107421875,53.046875,0.10001563280820847
85.63321089744568,2072.143798828125,53.015625,0.10000000149011612
85.7316517829895,2073.3828125,52.984375,0.10002344101667404
85.82868957519531,2074.460205078125,52.9453125,0.10000781714916229
85.9401125907898,2075.59130859375,52.9296875,0.10000781714916229
86.0363380908966,2077.099609375,52.88671875,0.10001172125339508
86.13182950019836,2078.33837890625,52.86328125,0.10000781714916229
86.22585463523865,2079.36181640625,52.83984375,0.1000039130449295
86.32455110549927,2080.38525390625,52.796875,0.10001563280820847
86.4217779636383,2081.516357421875,52.76953125,0.10000781714916229
86.5489661693573,2082.701416015625,52.74609375,0.10000781714916229
86.65744876861572,2084.15576171875,52.7109375,0.09999609738588333
86.75693917274475,2085.50244140625,52.671875,0.10002734512090683
86.86496710777283,2086.741455078125,52.640625,0.10002344101667404
86.96455478668213,2087.980224609375,52.6171875,0.10001953691244125
87.060720205307,2089.111572265625,52.57421875,0.10000000149011612
87.1548318862915,2090.350341796875,52.55078125,0.10001563280820847
87.24975299835205,2091.4814453125,52.54296875,0.09999609738588333
87.34583735466003,2092.558837890625,52.5,0.10001953691244125
87.44141054153442,2093.743896484375,52.4921875,0.10001172125339508
87.55482125282288,2094.767333984375,52.44140625,0.10001563280820847
87.64894795417786,2096.06005859375,52.41015625,0.10001172125339508
87.74645066261292,2097.191162109375,52.37890625,0.09999219328165054
87.84179139137268,2098.376220703125,52.36328125,0.10002344101667404
87.95529818534851,2099.615234375,52.328125,0.10002344101667404
88.06880903244019,2100.907958984375,52.296875,0.1000039130449295
88.20895600318909,2102.254638671875,52.25,0.10000781714916229
88.30460929870605,2103.87060546875,52.21875,0.10000781714916229
88.4039363861084,2105.109375,52.1953125,0.1000039130449295
88.51305508613586,2106.1328125,52.16015625,0.10001172125339508
88.62729167938232,2107.4794921875,52.1328125,0.10002344101667404
88.7229859828949,2108.826171875,52.08984375,0.09999609738588333
88.817209482193,2110.01123046875,52.0703125,0.10000000149011612
88.931964635849,2111.03466796875,52.03515625,0.10001563280820847
89.04051780700684,2112.38134765625,51.99609375,0.1000039130449295
89.13888025283813,2113.6201171875,51.9765625,0.09999609738588333
89.23393177986145,2114.751220703125,51.953125,0.10000000149011612
89.34641695022583,2115.936279296875,51.921875,0.10001563280820847
89.44070148468018,2117.3369140625,51.890625,0.10000781714916229
89.53931069374084,2118.468017578125,51.859375,0.1000039130449295
89.6344313621521,2119.54541015625,51.83984375,0.09998437762260437
89.74768161773682,2120.73046875,51.80859375,0.09999609738588333
89.84390902519226,2121.96923828125,51.78125,0.10000000149011612
89.95246887207031,2123.100341796875,51.7421875,0.10000781714916229
90.05063652992249,2124.393310546875,51.7109375,0.10000000149011612
90.14620089530945,2125.578369140625,51.69140625,0.1000039130449295
90.24023818969727,2126.76318359375,51.6640625,0.10001172125339508
90.33855676651001,2127.78662109375,51.63671875,0.10001563280820847
90.43499493598938,2128.91796875,51.609375,0.10000000149011612
90.53085350990295,2129.9951171875,51.5859375,0.10000781714916229
90.62499451637268,2131.12646484375,51.5625,0.10001172125339508
90.72073721885681,2132.3115234375,51.51953125,0.10001563280820847
90.81940746307373,2133.388671875,51.50390625,0.09999609738588333
90.91347336769104,2134.57373046875,51.48046875,0.10000781714916229
91.00832390785217,2135.7587890625,51.43359375,0.10000000149011612
91.10452699661255,2136.836181640625,51.4140625,0.09999609738588333
91.21683406829834,2137.859619140625,51.390625,0.10000781714916229
91.32781338691711,2139.31396484375,51.375,0.10001953691244125
91.42744898796082,2140.445068359375,51.34765625,0.09999219328165054
91.55212020874023,2141.576171875,51.3125,0.10001172125339508
91.65125036239624,2143.08447265625,51.26171875,0.1000039130449295
91.75918555259705,2144.215576171875,51.23828125,0.10000000149011612
91.85562491416931,2145.562255859375,51.1953125,0.09998828917741776
91.95479607582092,2146.53173828125,51.1796875,0.10003125667572021
92.08221459388733,2147.716796875,51.15234375,0.10000000149011612
92.1773910522461,2149.22509765625,51.11328125,0.10002344101667404
92.27134537696838,2150.464111328125,51.09765625,0.09999219328165054
92.36991953849792,2151.487548828125,51.05859375,0.10001172125339508
92.4645607471466,2152.564697265625,51.0390625,0.10002734512090683
92.57725548744202,2153.749755859375,51.00390625,0.1000039130449295
92.67231345176697,2155.096435546875,50.98828125,0.10001953691244125
92.7667715549469,2156.2275390625,50.95703125,0.1000039130449295
92.8660032749176,2157.197265625,50.93359375,0.09999609738588333
92.97484874725342,2158.489990234375,50.90234375,0.10001563280820847
93.07068586349487,2159.62109375,50.87890625,0.10001563280820847
93.17071080207825,2160.752197265625,50.84375,0.09998828917741776
93.27964162826538,2161.937255859375,50.82421875,0.10000781714916229
93.37686252593994,2163.17626953125,50.78515625,0.1000039130449295
93.47144031524658,2164.307373046875,50.76953125,0.10001953691244125
93.57064604759216,2165.330810546875,50.734375,0.09999609738588333
93.66239666938782,2166.408203125,50.703125,0.10002344101667404
93.76091408729553,2167.700927734375,50.69140625,0.10000781714916229
93.85488247871399,2168.67041015625,50.65234375,0.10000781714916229
93.95321822166443,2169.747802734375,50.6328125,0.10000781714916229
94.06580018997192,2170.932861328125,50.609375,0.10001953691244125
94.17760515213013,2172.2255859375,50.57421875,0.10001172125339508
94.27338147163391,2173.572265625,50.55859375,0.10003906488418579
94.36728191375732,2174.703369140625,50.5234375,0.0999765694141388
94.46598196029663,2175.78076171875,50.49609375,0.10001953691244125
94.57491612434387,2176.85791015625,50.4609375,0.1000039130449295
94.67372345924377,2178.258544921875,50.453125,0.10000000149011612
94.78395104408264,2179.22802734375,50.41796875,0.10001172125339508
94.89599847793579,2180.57470703125,50.390625,0.10001563280820847
94.99109554290771,2181.652099609375,50.35546875,0.10001172125339508
95.08664989471436,2182.890869140625,50.328125,0.1000039130449295
95.18571996688843,2183.96826171875,50.3046875,0.100035160779953
95.29762291908264,2185.045654296875,50.28515625,0.10000000149011612
95.39203476905823,2186.284423828125,50.2578125,0.09999609738588333
95.48644280433655,2187.25390625,50.22265625,0.09997265785932541
95.58598852157593,2188.492919921875,50.203125,0.10001172125339508
95.69759392738342,2189.73193359375,50.1640625,0.10000781714916229
95.79334497451782,2190.863037109375,50.15625,0.10000781714916229
95.88735795021057,2191.886474609375,50.12109375,0.10000000149011612
95.98421096801758,2192.909912109375,50.0859375,0.10000000149011612
96.07876443862915,2194.041015625,50.08203125,0.10002344101667404
96.17720007896423,2195.118408203125,50.05859375,0.10025781393051147
96.27313876152039,2195.7109375,50.00390625,0.09994922578334808
96.36972141265869,2196.62646484375,50.01171875,0.10000000149011612
96.47872614860535,2197.865478515625,49.98828125,0.10002734512090683
96.57699751853943,2198.8349609375,50.23828125,0.10035156458616257
96.6720838546753,2197.165283203125,50.87890625,0.10073438286781311
96.76678276062012,2183.698974609375,50.1953125,0.09935157001018524
96.86195373535156,2173.03369140625,49.99609375,0.09890235215425491
96.96127152442932,2168.99365234375,50.32421875,0.09950781613588333
97.06919431686401,2168.347412109375,50.5703125,0.09983985126018524
97.18119859695435,2168.99365234375,50.61328125,0.09994141012430191
97.27969789505005,2169.31689453125,50.5859375,0.09990234673023224
97.3761670589447,2170.1787109375,50.61328125,0.0999765694141388
97.48905658721924,2170.932861328125,50.59375,0.09998828917741776
97.60092616081238,2172.38720703125,50.57421875,0.09998828917741776
97.7109260559082,2173.302978515625,50.546875,0.09999219328165054
97.8059766292572,2174.541748046875,50.5234375,0.10001172125339508
97.9053885936737,2175.673095703125,50.49609375,0.10000781714916229
98.01649785041809,2176.642578125,50.47265625,0.10002344101667404
98.11246180534363,2177.9892578125,50.4453125,0.09999609738588333
98.22477650642395,2179.06640625,50.41796875,0.10000781714916229
98.33398127555847,2180.25146484375,50.38671875,0.10001172125339508
98.432368516922,2181.4365234375,50.35546875,0.10000000149011612
98.5269706249237,2182.567626953125,50.34375,0.10001953691244125
98.62292289733887,2183.64501953125,50.3125,0.10000781714916229
98.71964311599731,2184.776123046875,50.28515625,0.1000039130449295
98.81463932991028,2185.799560546875,50.25390625,0.09999609738588333
98.9094123840332,2186.930908203125,50.23046875,0.10000781714916229
99.00772356987,2187.954345703125,50.21875,0.1000039130449295
99.116539478302,2189.08544921875,50.53125,0.09981641173362732
99.21543669700623,2188.38525390625,50.109375,0.09987891465425491
99.31019616127014,2189.139404296875,50.1640625,0.09998437762260437
99.40441465377808,2190.054931640625,50.16796875,0.09998828917741776
99.50283575057983,2191.078369140625,50.13671875,0.09999609738588333
99.61630845069885,2192.15576171875,50.12890625,0.10002344101667404
99.72427201271057,2193.448486328125,50.0859375,0.10001563280820847
99.8228018283844,2194.52587890625,50.0703125,0.10001953691244125
99.91771006584167,2195.495361328125,50.05078125,0.09996484965085983
100.029714345932,2196.465087890625,50.01171875,0.09999219328165054
100.14140057563782,2197.64990234375,49.984375,0.10001563280820847
